1	6	1	6	1169	4	0	4	3	2	4	3	67	1	1	2	1	1	1	1	1
2	48	3	6	5951	1	2	2	0	2	2	3	22	1	1	1	1	1	0	1	0
3	12	1	2	2096	1	3	2	3	2	3	3	49	1	1	1	3	2	0	1	1
1	42	3	3	7882	1	3	2	3	1	4	1	45	1	0	1	1	2	0	1	1
1	24	2	4	4870	1	2	3	3	2	4	2	53	1	0	2	1	2	0	1	0
3	36	3	2	9055	4	2	2	3	2	4	2	35	1	0	1	3	2	1	1	1
3	24	3	3	2835	3	0	3	3	2	4	1	53	1	1	1	1	1	0	1	1
2	36	3	9	6948	1	2	2	3	2	2	0	35	1	2	1	0	1	1	1	1
3	12	3	6	3059	0	3	2	1	2	4	3	61	1	1	1	3	1	0	1	1
2	30	1	4	5234	1	4	4	2	2	2	0	28	1	1	2	0	1	0	1	0
2	12	3	4	1295	1	1	3	0	2	1	0	25	1	2	1	1	1	0	1	0
1	48	3	0	4308	1	1	3	0	2	4	1	24	1	2	1	1	1	0	1	0
2	12	3	6	1567	1	2	1	0	2	1	0	22	1	1	1	1	1	1	1	1
1	24	1	4	1199	1	0	4	3	2	4	0	60	1	1	2	3	1	0	1	0
1	15	3	4	1403	1	2	2	0	2	4	0	28	1	2	1	1	1	0	1	1
1	24	3	6	1282	2	2	4	0	2	2	0	32	1	1	1	3	1	0	1	0
3	24	1	6	2424	4	0	4	3	2	4	1	53	1	1	2	1	1	0	1	1
1	30	4	0	8072	4	1	2	3	2	3	0	25	0	1	3	1	1	0	1	1
2	24	3	9	12579	1	0	4	0	2	2	2	44	1	0	1	0	1	1	1	0
3	24	3	6	3430	3	0	3	3	2	2	0	31	1	1	1	1	2	1	1	1
3	9	1	4	2134	1	2	4	3	2	4	0	48	1	1	3	1	1	1	1	1
1	6	3	6	2647	3	2	2	3	2	3	3	44	1	2	1	1	2	0	1	1
1	10	1	4	2241	1	1	1	3	2	3	3	48	1	2	2	3	2	0	0	1
2	12	1	9	1804	2	1	3	3	2	4	1	44	1	1	1	1	1	0	1	1
3	10	1	3	2069	4	2	2	2	2	1	0	26	1	1	2	1	1	0	0	1
1	6	3	3	1374	1	2	1	3	2	2	3	36	0	1	1	3	1	1	1	1
3	6	4	6	426	1	0	4	2	2	4	0	39	1	1	1	3	1	0	1	1
0	12	0	6	409	0	2	3	0	2	3	3	42	1	2	2	1	1	0	1	1
2	7	3	6	2415	1	2	3	3	1	2	3	34	1	1	1	1	1	0	1	1
1	60	2	0	6836	1	0	3	3	2	4	2	63	1	1	2	1	1	1	1	0
2	18	3	0	1913	0	1	3	2	2	3	3	36	0	1	1	1	1	1	1	1
1	24	3	3	4020	1	2	2	3	2	2	0	27	2	1	1	1	1	0	1	1
2	18	3	4	5866	2	2	2	3	2	2	0	30	1	1	2	1	1	1	1	1
3	12	1	0	1264	4	0	4	3	2	4	2	57	1	2	1	3	1	0	1	1
0	12	3	3	1474	1	1	4	0	2	1	1	33	0	1	1	0	1	1	1	1
2	45	1	6	4746	1	1	4	3	2	2	1	25	1	1	2	3	1	0	1	0
3	48	1	2	6110	1	2	1	3	2	3	2	31	0	0	1	1	1	1	1	1
0	18	3	6	2100	1	2	4	3	0	2	3	37	2	1	1	1	1	0	1	0
0	10	3	1	1225	1	2	2	3	2	2	0	37	1	1	1	1	1	1	1	1
2	9	3	6	458	1	2	4	3	2	3	3	24	1	1	1	1	1	0	1	1
3	30	3	6	2333	3	0	4	3	2	2	0	30	0	1	1	0	1	0	1	1
2	12	3	6	1158	3	2	3	1	2	1	0	26	1	1	1	1	1	1	1	1
2	18	2	7	6204	1	2	2	3	2	4	3	44	1	1	1	3	2	1	1	1
1	30	1	9	6187	2	3	1	2	2	4	0	24	1	2	2	1	1	0	1	1
1	48	1	9	6143	1	0	4	0	2	4	2	58	2	0	2	3	1	0	1	0
3	11	1	4	1393	1	1	4	0	2	4	0	35	1	1	2	0	1	0	1	1
3	36	3	6	2299	3	0	4	3	2	4	0	39	1	1	1	1	1	0	1	1
1	6	3	9	1352	3	4	1	0	2	2	1	23	1	2	1	2	1	1	1	1
3	11	1	4	7228	1	2	1	3	2	4	1	39	1	1	2	3	1	0	1	1
3	12	3	6	2073	2	2	4	0	0	2	3	28	1	1	1	1	1	0	1	1
2	24	2	3	2333	4	1	4	3	2	2	1	29	0	1	1	3	1	0	1	1
2	27	2	9	5965	1	0	1	3	2	2	0	30	1	1	2	0	1	1	1	1
3	12	3	6	1262	1	2	3	3	2	2	0	25	1	1	1	1	1	0	1	1
3	18	3	9	3378	4	2	2	3	2	1	1	31	1	1	1	1	1	1	1	1
2	36	2	4	2225	1	0	4	3	2	4	2	57	0	0	2	1	1	1	1	0
3	6	0	4	783	4	2	1	3	1	2	3	26	2	1	1	3	2	0	1	1
2	12	3	6	6468	4	4	2	3	2	1	2	52	1	1	1	0	1	1	1	0
3	36	1	6	9566	1	2	2	0	2	2	0	31	2	1	2	1	1	0	1	1
0	18	3	4	1961	1	0	3	0	2	2	0	23	1	1	1	0	1	0	1	1
1	36	1	3	6229	1	1	4	0	0	4	2	23	1	2	2	3	1	1	1	0
2	9	3	0	1391	1	2	2	2	2	1	3	27	0	1	1	1	1	1	1	1
2	15	1	6	1537	4	0	4	3	1	4	3	50	1	1	2	1	1	1	1	1
2	36	4	0	1953	1	0	4	3	2	4	2	61	1	0	1	0	1	1	1	0
2	48	4	0	14421	1	2	2	3	2	2	0	25	1	1	1	1	1	1	1	0
3	24	3	6	3181	1	1	4	0	2	4	1	26	1	1	1	1	1	1	1	1
3	27	3	7	5190	4	0	4	3	2	4	1	48	1	1	4	1	2	1	1	1
3	12	3	6	2171	1	1	2	0	2	2	0	29	0	1	1	1	1	0	1	1
2	12	3	4	1007	0	2	4	2	2	1	3	22	1	1	1	1	1	0	1	1
3	36	3	2	1819	1	2	4	3	2	4	2	37	2	0	1	1	1	1	1	0
3	36	3	6	2394	4	2	4	0	2	4	0	25	1	1	1	1	1	0	1	1
3	36	3	9	8133	1	2	1	0	2	2	1	30	0	1	1	1	1	0	1	1
3	7	1	6	730	4	0	4	3	2	2	1	46	1	2	2	3	1	1	1	1
1	8	1	5	1164	1	0	3	3	2	4	2	51	0	0	2	0	2	1	1	1
2	42	1	0	5954	1	3	2	0	2	1	3	41	0	1	2	3	1	0	1	1
1	36	3	2	1977	4	0	4	3	2	4	2	40	1	1	1	0	1	1	1	0
1	12	1	9	1526	1	0	4	3	2	4	2	66	1	0	2	0	1	0	1	1
1	42	3	6	3965	1	1	4	3	2	3	0	34	1	1	1	1	1	0	1	0
2	11	2	6	4771	1	3	2	3	2	4	1	51	1	1	1	1	1	0	1	1
3	54	4	9	9436	4	2	2	3	2	2	1	39	1	1	1	3	2	0	1	1
2	30	3	3	3832	1	1	2	2	2	1	1	22	1	1	1	1	1	0	1	1
3	24	3	6	5943	4	1	1	0	2	1	0	44	1	1	2	1	1	1	1	0
3	15	3	6	1213	3	0	4	3	2	3	1	47	2	1	1	1	1	1	1	1
3	18	3	0	1568	2	2	3	0	2	4	1	24	1	2	1	3	1	0	1	1
1	24	3	5	1755	1	0	4	0	1	4	3	58	1	1	1	3	1	1	1	1
1	10	3	6	2315	1	0	3	3	2	4	3	52	1	1	1	3	1	0	1	1
3	12	1	0	1412	1	2	4	0	1	2	3	29	1	1	2	0	1	1	1	1
2	18	1	3	1295	1	1	4	0	2	1	1	27	1	1	2	1	1	0	1	1
2	36	3	2	12612	2	2	1	3	2	4	2	47	1	0	1	1	2	1	1	0
1	18	3	4	2249	2	3	4	3	2	3	0	30	1	1	1	0	2	1	1	1
1	12	4	7	1108	1	3	4	3	2	3	3	28	1	1	2	1	1	0	1	0
3	12	1	6	618	1	0	4	3	2	4	3	56	1	1	1	1	1	0	1	1
1	12	1	9	1409	1	0	4	3	2	3	3	54	1	1	1	1	1	0	1	1
3	12	1	6	797	4	0	4	0	2	3	1	33	0	1	1	3	2	0	1	0
0	24	1	3	3617	4	0	4	3	0	4	2	20	1	2	2	1	1	0	1	1
2	12	3	4	1318	0	0	4	3	2	4	3	54	1	1	1	1	1	1	1	1
2	54	4	0	15945	1	1	3	3	2	4	2	58	1	2	1	1	1	1	1	0
3	12	1	2	2012	4	3	4	0	2	2	0	61	1	1	1	1	1	0	1	1
2	18	3	0	2622	2	2	4	3	2	4	0	34	1	1	1	1	1	0	1	1
2	36	1	6	2337	1	0	4	3	2	4	3	36	1	1	1	1	1	0	1	1
2	20	2	9	7057	4	3	3	3	2	4	1	36	0	2	2	0	2	1	1	1
3	24	3	4	1469	2	0	4	2	2	4	3	41	1	2	1	3	1	0	1	1
2	36	3	6	2323	1	3	4	3	2	4	0	24	1	2	1	1	1	0	1	1
3	6	2	6	932	1	2	3	0	2	2	3	24	1	1	1	1	1	0	1	1
2	9	1	3	1919	1	3	4	3	2	3	0	35	1	2	1	1	1	1	1	1
3	12	3	9	2445	4	1	2	2	2	4	0	26	1	2	1	1	1	1	1	1
2	24	1	5	11938	1	2	2	3	0	3	0	39	1	1	2	0	2	1	1	0
3	18	0	4	6458	1	0	2	3	2	4	2	39	0	1	2	0	2	1	1	0
2	12	3	4	6078	1	3	2	3	2	2	0	32	1	1	1	1	1	0	1	1
1	24	3	3	7721	4	1	1	0	2	2	1	30	1	1	1	1	1	1	0	1
2	14	3	0	1410	3	0	1	2	2	2	3	35	1	1	1	1	1	1	1	1
2	6	2	0	1449	2	0	1	1	2	2	0	31	0	1	2	1	2	0	1	1
0	15	3	2	392	1	1	4	0	2	4	1	23	1	2	1	1	1	1	1	1
2	18	3	4	6260	1	3	3	3	2	3	3	28	1	2	1	3	1	0	1	1
3	36	1	4	7855	1	2	4	0	2	2	3	25	2	1	2	1	1	1	1	0
1	12	3	6	1680	3	0	3	2	2	1	3	35	1	1	1	1	1	0	1	1
3	48	1	6	3578	4	0	4	3	2	1	3	47	1	1	1	1	1	1	1	1
1	42	3	6	7174	4	3	4	0	2	3	0	30	1	1	1	0	1	1	1	0
1	10	1	3	2132	4	1	2	0	0	3	3	27	1	2	2	1	1	0	0	1
1	33	1	3	4281	3	2	1	0	2	4	0	23	1	1	2	1	1	0	1	0
2	12	1	4	2366	3	3	3	1	2	3	0	36	1	1	1	0	1	1	1	1
1	21	3	6	1835	1	2	3	0	2	2	3	25	1	1	2	1	1	1	1	0
3	24	1	9	3868	1	0	4	0	2	2	0	41	1	2	2	0	1	1	1	1
3	12	3	3	1768	1	2	3	3	2	2	3	24	1	2	1	3	1	0	1	1
0	10	1	4	781	1	0	4	3	2	4	2	63	1	0	2	1	1	1	1	1
2	18	3	3	1924	4	1	4	0	2	3	3	27	1	2	1	1	1	0	1	0
1	12	1	4	2121	1	2	4	3	2	2	1	30	1	1	2	1	1	0	1	1
1	12	3	6	701	1	2	4	2	2	2	3	40	1	1	1	3	1	0	1	1
2	12	3	7	639	1	2	4	3	2	2	0	30	1	1	1	1	1	0	1	0
2	12	1	9	1860	1	4	4	3	2	2	0	34	1	1	2	0	1	1	1	1
1	12	1	4	3499	1	2	3	0	0	2	3	29	1	1	2	1	1	0	1	0
2	48	3	4	8487	4	3	1	0	2	2	0	24	1	1	1	1	1	0	1	1
1	36	2	2	6887	1	2	4	3	2	3	1	29	2	1	1	1	1	1	1	0
3	15	3	3	2708	1	1	2	3	2	3	1	27	0	1	2	3	1	0	1	1
3	18	3	3	1984	1	2	4	3	2	4	2	47	0	0	2	1	1	0	1	1
3	60	3	6	10144	2	3	2	0	2	4	3	21	1	1	1	1	1	1	1	1
3	12	1	6	1240	4	0	4	0	2	2	3	38	1	1	2	1	1	1	1	1
3	27	2	9	8613	0	2	2	3	2	2	0	27	1	1	2	1	1	0	1	1
2	12	3	6	766	3	2	4	3	2	3	3	66	1	1	1	3	1	0	1	0
2	15	1	6	2728	4	3	4	3	1	2	3	35	0	1	3	1	1	1	1	1
0	12	3	6	1881	1	2	2	0	2	2	0	44	1	2	1	3	1	1	1	1
0	6	3	4	709	0	1	2	2	2	2	3	27	1	1	1	2	1	0	0	1
2	36	3	6	4795	1	1	4	0	2	1	2	30	1	1	1	0	1	1	1	1
1	27	3	6	3416	1	2	3	3	2	2	0	27	1	1	1	0	1	0	1	1
1	18	3	3	2462	1	2	2	3	2	2	0	22	1	1	1	1	1	0	1	0
3	21	1	3	2288	1	1	4	0	2	4	1	23	1	1	1	1	1	1	1	1
2	48	0	0	3566	2	3	4	3	2	2	0	30	1	1	1	1	1	0	1	1
1	6	1	4	860	1	0	1	0	2	4	2	39	1	1	2	1	1	1	1	1
3	12	1	4	682	2	3	4	0	2	3	0	51	1	1	2	1	1	1	1	1
1	36	1	3	5371	1	2	3	3	1	2	1	28	1	1	2	1	1	0	1	1
3	18	1	6	1582	0	0	4	3	2	4	0	46	1	1	2	1	1	0	1	1
3	6	3	6	1346	2	0	2	3	2	4	2	42	0	0	1	1	2	1	1	1
3	10	3	6	1924	1	2	1	3	2	4	1	38	1	1	1	1	1	1	0	1
0	36	3	6	5848	1	2	4	3	2	1	0	24	1	1	1	1	1	0	1	1
2	24	1	9	7758	0	0	2	0	2	4	2	29	1	2	1	1	1	0	1	1
2	24	2	0	6967	2	3	4	3	2	4	0	36	1	2	1	0	1	1	1	1
1	12	3	3	1282	1	2	2	0	2	4	0	20	1	2	1	1	1	0	1	0
1	9	1	7	1288	2	0	3	3	1	4	3	48	1	1	2	1	2	0	0	1
1	12	0	8	339	1	0	4	2	2	1	0	45	0	1	1	3	1	0	1	1
2	24	3	4	3512	2	3	2	3	2	3	0	38	0	1	2	1	1	1	1	1
3	6	1	6	1898	4	2	1	3	2	2	3	34	1	1	2	3	2	0	1	1
3	24	1	6	2872	2	0	3	3	2	4	3	36	1	1	1	1	2	1	1	1
3	18	1	4	1055	1	1	4	0	2	1	1	30	1	1	2	1	1	0	1	1
3	15	3	1	1262	3	3	4	3	2	3	1	36	1	1	2	1	1	1	1	1
2	10	3	4	7308	1	4	2	3	2	4	2	70	0	0	1	0	1	1	1	1
3	36	3	4	909	3	0	4	3	2	4	1	36	1	1	1	1	1	0	1	1
3	6	3	3	2978	3	2	1	3	2	2	0	32	1	1	1	1	1	1	1	1
1	18	3	3	1131	1	4	4	0	2	2	0	33	1	1	1	1	1	0	1	0
2	11	3	3	1577	0	1	4	0	2	1	3	20	1	1	1	1	1	0	1	1
3	24	3	3	3972	1	3	2	0	2	4	1	25	1	2	1	1	1	1	1	1
2	24	1	0	1935	1	0	4	1	2	4	3	31	1	1	2	1	1	1	1	0
1	15	4	4	950	1	0	4	3	2	3	0	33	1	2	2	1	2	0	1	0
3	12	3	3	763	1	2	4	0	2	1	3	26	1	1	1	1	1	1	1	1
2	24	2	3	2064	1	4	3	0	2	2	1	34	1	1	1	0	1	1	1	0
2	8	3	6	1414	1	2	4	3	1	2	3	33	1	1	1	1	1	0	0	1
1	21	2	2	3414	1	1	2	3	2	1	1	26	1	1	2	1	1	0	1	0
3	30	0	9	7485	4	4	4	0	2	1	3	53	0	1	1	0	1	1	1	0
1	12	3	3	2577	1	2	2	1	2	1	0	42	1	1	1	1	1	0	1	1
1	6	1	6	338	3	0	4	3	2	4	0	52	1	1	2	1	1	0	1	1
3	12	3	6	1963	1	3	4	3	2	2	0	31	1	2	2	0	2	1	1	1
1	21	1	4	571	1	0	4	3	2	4	3	65	1	1	2	1	1	0	1	1
3	36	2	0	9572	1	1	1	1	2	1	0	28	1	1	2	1	1	0	1	0
2	36	2	0	4455	1	2	2	1	2	2	3	30	2	1	2	0	1	1	1	0
1	21	0	4	1647	4	2	4	3	2	2	1	40	1	1	2	3	2	0	1	0
3	24	1	3	3777	0	2	4	3	2	4	3	50	1	1	1	1	1	1	1	1
2	18	1	4	884	1	0	4	3	2	4	0	36	0	1	1	1	2	1	1	0
3	15	1	6	1360	1	2	4	3	2	2	1	31	1	1	2	1	1	0	1	1
2	9	0	9	5129	1	0	2	0	2	4	2	74	0	0	1	0	2	1	1	0
2	16	1	4	1175	1	4	2	3	2	3	0	68	1	0	3	2	1	1	1	1
1	12	3	6	674	2	3	4	2	2	1	1	20	1	1	1	1	1	0	1	0
2	18	4	3	3244	1	2	1	0	2	4	0	33	0	1	2	1	1	1	1	1
3	24	3	0	4591	0	2	2	3	2	3	1	54	1	1	3	0	1	1	1	0
2	48	4	0	3844	2	3	4	3	2	4	2	34	1	0	1	3	2	0	1	0
2	27	3	0	3915	1	2	4	3	2	2	0	36	1	1	1	1	2	1	1	0
3	6	3	6	2108	1	3	2	2	2	2	3	29	1	2	1	1	1	0	1	1
2	45	3	6	3031	2	2	4	3	1	4	1	21	1	2	1	1	1	0	1	0
2	9	1	2	1501	1	0	2	0	2	3	0	34	1	1	2	0	1	1	1	0
3	6	1	6	1382	1	2	1	0	2	1	0	28	1	1	2	1	1	1	1	1
2	12	3	3	951	2	1	4	0	2	4	0	27	0	2	4	1	1	0	1	0
2	24	3	9	2760	4	0	4	3	2	4	2	36	0	0	1	1	1	1	1	1
2	18	2	3	4297	1	0	4	1	2	3	2	40	1	1	1	0	1	1	1	0
3	9	1	2	936	3	0	4	3	2	2	0	52	1	1	2	1	1	1	1	1
1	12	3	4	1168	1	2	4	2	2	3	3	27	1	1	1	3	1	0	1	1
3	27	2	0	5117	1	3	3	3	2	4	0	26	1	1	2	1	1	0	1	1
1	12	3	8	902	1	3	4	2	2	4	1	21	1	2	1	1	1	0	1	0
3	12	1	4	1495	1	0	4	3	2	1	3	38	1	1	2	3	2	0	1	1
1	30	1	9	10623	1	0	3	3	2	4	2	38	1	0	3	0	2	1	1	1
3	12	1	3	1935	1	0	4	3	2	4	3	43	1	1	3	1	1	1	1	1
2	12	1	1	1424	1	3	4	3	2	3	1	26	1	1	1	1	1	0	1	1
1	24	3	0	6568	1	2	2	2	2	2	0	21	2	1	1	3	1	0	1	1
3	12	3	9	1413	0	3	3	3	2	2	1	55	1	1	1	1	1	0	0	1
3	9	1	6	3074	4	2	1	3	2	2	3	33	1	1	2	1	2	0	1	1
3	36	3	6	3835	4	0	2	0	2	4	3	45	1	1	1	3	1	1	1	1
1	27	4	0	5293	1	4	2	3	2	4	1	50	2	1	2	1	1	1	1	0
0	30	2	0	1908	1	0	4	3	2	4	3	66	1	1	1	0	1	1	1	0
3	36	1	6	3342	4	0	4	3	2	2	0	51	1	1	1	1	1	1	1	1
2	6	1	8	932	4	3	1	0	2	3	1	39	1	1	2	3	1	0	1	1
1	18	4	0	3104	1	3	3	3	2	1	1	31	0	1	1	1	1	1	1	1
0	36	3	6	3913	1	2	2	3	2	2	3	23	1	1	1	1	1	1	1	1
1	24	3	3	3021	1	2	2	1	2	2	3	24	1	2	1	3	1	0	1	1
3	10	3	4	1364	1	2	2	0	2	4	0	64	1	1	1	1	1	1	1	1
2	12	3	6	625	1	1	4	2	1	1	3	26	0	1	1	3	1	0	1	1
1	12	3	2	1200	4	2	4	0	2	4	1	23	0	2	1	1	1	1	1	1
3	12	3	6	707	1	2	4	3	2	2	3	30	0	1	2	1	1	0	1	1
3	24	2	0	2978	4	2	4	3	2	4	3	32	1	1	2	1	2	1	1	1
3	15	3	9	4657	1	2	3	3	2	2	0	30	1	1	1	1	1	1	1	1
3	36	4	7	2613	1	2	4	3	2	2	0	27	1	1	2	1	1	0	1	1
2	48	3	6	10961	0	3	1	3	0	2	2	27	0	1	2	1	1	1	1	0
1	12	3	3	7865	1	0	4	3	2	4	2	53	1	0	1	0	1	1	1	0
3	9	3	6	1478	1	3	4	3	2	2	0	22	1	1	1	1	1	0	1	0
1	24	3	3	3149	1	1	4	3	2	1	2	22	0	0	1	1	1	0	1	1
0	36	3	6	4210	1	2	4	3	2	2	0	26	1	1	1	1	1	0	1	0
3	9	3	4	2507	3	0	2	3	2	4	2	51	1	0	1	3	1	0	1	1
3	12	3	6	2141	2	3	3	3	2	1	2	35	1	1	1	1	1	0	1	1
2	18	3	6	866	1	2	4	2	1	2	3	25	1	1	1	3	1	0	1	1
3	4	1	6	1544	1	3	2	3	2	1	3	42	1	1	3	3	2	0	1	1
1	24	3	6	1823	1	4	4	3	2	2	0	30	2	1	1	0	2	0	1	0
2	6	3	4	14555	4	4	1	3	2	2	1	23	1	1	1	2	1	1	1	0
2	21	3	0	2767	2	0	4	1	2	2	0	61	0	2	2	3	1	0	1	0
3	12	1	6	1291	1	2	4	0	2	2	1	35	1	1	2	1	1	0	1	1
1	30	3	6	2522	1	0	1	3	1	3	1	39	1	1	1	1	2	0	1	1
1	24	3	4	915	4	0	4	0	2	2	0	29	0	1	1	1	1	0	1	0
3	6	3	6	1595	1	3	3	3	2	2	1	51	1	1	1	1	2	0	1	1
1	48	4	9	4605	1	0	3	3	2	4	2	24	1	0	2	1	2	0	1	0
3	12	1	0	1185	1	2	3	0	2	2	3	27	1	1	2	1	1	0	1	1
3	12	0	8	3447	3	2	4	0	2	3	3	35	1	1	1	3	2	0	1	1
3	24	3	0	1258	1	3	4	3	2	1	3	25	1	1	1	1	1	1	1	1
3	12	1	6	717	1	0	4	3	2	4	3	52	1	1	3	1	1	0	1	1
3	6	4	4	1204	2	2	4	3	2	1	2	35	0	2	1	1	1	0	0	1
0	24	3	3	1925	1	2	2	3	2	2	3	26	1	1	1	1	1	0	1	1
3	18	3	6	433	1	4	3	0	0	4	3	22	1	2	1	1	1	0	1	0
1	6	1	4	666	0	3	3	0	2	4	3	39	1	1	2	3	1	1	1	1
0	12	3	3	2251	1	2	1	0	2	2	0	46	1	1	1	3	1	0	1	1
2	30	3	4	2150	1	2	4	0	1	2	2	24	0	1	1	1	1	0	1	0
3	24	2	3	4151	2	2	2	3	2	3	1	35	1	1	2	1	1	0	1	1
2	9	3	3	2030	4	3	2	3	2	1	0	24	1	1	1	1	1	1	1	1
2	60	2	6	7418	4	2	1	3	2	1	3	27	1	1	1	3	1	0	1	1
3	24	1	6	2684	1	2	4	3	2	2	3	35	1	1	2	3	1	0	1	1
1	12	0	6	2149	1	2	4	1	2	1	2	29	1	0	1	1	1	0	1	0
3	15	3	9	3812	2	1	1	0	2	4	0	23	1	1	1	1	1	1	1	1
3	11	1	6	1154	2	4	4	0	2	4	3	57	1	1	3	3	1	0	1	1
1	12	3	3	1657	1	2	2	3	2	2	3	27	1	1	1	1	1	0	1	1
1	24	3	6	1603	1	0	4	0	2	4	0	55	1	1	1	1	1	0	1	1
1	18	1	4	5302	1	0	2	3	2	4	2	36	1	0	3	0	1	1	1	1
3	12	1	2	2748	1	0	2	0	2	4	2	57	0	0	3	3	1	0	1	1
3	10	1	4	1231	1	0	3	3	2	4	3	32	1	1	2	3	2	0	0	1
2	15	3	6	802	1	0	4	3	2	3	0	37	1	1	1	1	2	0	1	0
3	36	1	0	6304	4	0	4	3	2	4	3	36	1	1	2	1	1	0	1	1
3	24	3	6	1533	1	1	4	0	2	3	0	38	2	1	1	1	1	1	1	1
1	14	3	4	8978	1	0	1	1	2	4	1	45	1	1	1	0	1	1	0	0
3	24	3	6	999	4	0	4	3	2	2	0	25	1	1	2	1	1	0	1	1
3	18	3	4	2662	4	3	4	3	2	3	1	32	1	1	1	1	1	0	0	1
3	12	1	3	1402	3	3	3	0	2	4	0	37	1	2	1	1	1	1	1	1
2	48	0	4	12169	4	4	4	3	0	4	2	36	1	0	1	0	1	1	1	1
2	48	3	6	3060	1	3	4	3	2	4	3	28	1	1	2	1	1	0	1	0
1	30	3	7	11998	1	1	1	1	2	1	2	34	1	1	1	3	1	1	1	0
3	9	3	6	2697	1	2	1	3	2	2	3	32	1	1	1	1	2	0	1	1
3	18	1	6	2404	1	2	2	0	2	2	0	26	1	1	2	1	1	0	1	1
1	12	3	3	1262	4	0	2	1	2	4	1	49	1	1	1	3	1	1	1	1
3	6	3	3	4611	1	1	1	0	2	4	1	32	1	1	1	1	1	0	1	0
3	24	3	6	1901	2	2	4	3	2	4	0	29	1	2	1	0	1	1	1	1
3	15	1	9	3368	0	0	3	3	2	4	2	23	1	2	2	1	1	1	1	1
3	12	3	3	1574	1	2	4	3	2	2	3	50	1	1	1	1	1	0	1	1
0	18	0	6	1445	4	3	4	3	2	4	0	49	0	1	1	3	1	0	1	1
3	15	1	3	1520	4	0	4	3	2	4	1	63	1	1	1	1	1	0	1	1
2	24	1	4	3878	2	1	4	1	2	2	0	37	1	1	1	1	1	1	1	1
1	47	3	4	10722	1	1	1	0	2	1	3	35	1	1	1	3	1	1	1	1
1	48	3	9	4788	1	3	4	3	2	3	1	26	1	1	1	1	2	0	1	1
2	48	2	5	7582	2	4	2	3	2	4	2	31	1	0	1	0	1	1	1	1
2	12	3	6	1092	1	2	4	0	1	4	3	49	1	1	2	1	1	1	1	1
1	24	2	6	1024	1	1	4	2	2	4	3	48	2	1	1	1	1	0	1	0
3	12	3	0	1076	1	2	2	2	2	2	3	26	1	1	1	1	1	1	0	1
2	36	3	9	9398	1	1	1	2	2	4	0	28	1	2	1	0	1	1	1	0
1	24	1	9	6419	1	0	2	0	2	4	2	44	1	0	2	0	2	1	1	1
0	42	1	9	4796	1	0	4	3	2	4	2	56	1	0	1	1	1	0	1	1
3	48	1	0	7629	4	0	4	1	2	2	0	46	0	1	2	0	2	0	1	1
2	48	3	3	9960	1	1	1	0	2	2	0	26	1	1	1	1	1	1	1	0
3	12	3	9	4675	4	1	1	0	2	4	0	20	1	2	1	1	1	0	1	1
3	10	3	4	1287	4	0	4	3	0	2	1	45	1	1	1	3	1	0	0	1
3	18	3	3	2515	1	2	3	3	2	4	3	43	1	1	1	1	1	1	1	1
2	21	1	3	2745	0	3	3	3	2	2	0	32	1	1	2	1	1	1	1	1
3	6	3	4	672	1	4	1	0	2	4	3	54	1	1	1	2	1	1	1	1
2	36	4	6	3804	1	2	4	0	2	1	0	42	1	1	1	1	1	1	1	0
0	24	1	4	1344	4	3	4	3	2	2	3	37	0	1	2	3	2	0	1	0
1	10	1	4	1038	1	3	4	3	0	3	1	49	1	1	2	1	1	1	1	1
3	48	1	4	10127	3	2	2	3	2	2	2	44	0	0	1	1	1	0	1	0
3	6	3	3	1543	0	2	4	1	2	2	3	33	1	1	1	1	1	0	1	1
3	30	3	9	4811	4	3	2	0	2	4	1	24	2	2	1	3	1	0	1	1
1	12	3	6	727	2	1	4	2	2	3	2	33	1	1	1	3	1	1	1	0
2	8	3	3	1237	1	2	3	0	2	4	3	24	1	1	1	1	1	0	1	0
2	9	3	4	276	1	2	4	2	2	4	3	22	1	2	1	3	1	0	1	1
2	48	3	5	5381	4	4	3	3	2	4	2	40	0	0	1	2	1	1	1	1
3	24	3	3	5511	2	2	4	3	2	1	0	25	2	1	1	1	1	0	1	1
0	24	3	3	3749	1	1	2	0	2	4	0	26	1	1	1	1	1	0	1	1
2	12	3	4	685	1	3	2	2	2	3	0	25	0	1	1	3	1	0	1	0
0	4	3	4	1494	4	1	1	3	2	2	3	29	1	1	1	3	2	0	0	1
1	36	0	3	2746	1	0	4	3	2	4	0	31	0	1	1	1	1	0	1	0
1	12	3	3	708	1	2	2	3	1	3	1	38	1	1	1	3	2	0	1	1
2	24	3	3	4351	4	2	1	0	2	4	1	48	1	1	1	3	1	1	1	1
3	12	1	2	701	1	2	4	3	2	2	0	32	1	1	2	1	1	0	1	1
1	15	2	3	3643	1	0	1	0	2	4	1	27	1	1	2	3	1	0	1	1
2	30	1	4	4249	1	4	4	2	2	2	0	28	1	1	2	0	1	0	1	0
1	24	3	6	1938	1	1	4	1	2	3	1	32	1	1	1	1	1	0	1	0
1	24	3	9	2910	1	3	2	3	2	1	2	34	1	0	1	0	1	1	1	1
1	18	3	3	2659	0	2	4	3	2	2	0	28	1	1	1	1	1	0	1	1
3	18	1	4	1028	1	2	4	0	2	3	3	36	1	1	2	1	1	0	1	1
1	8	1	4	3398	1	3	1	3	2	4	3	39	1	1	2	3	1	0	0	1
3	12	1	3	5801	4	0	2	3	2	4	1	49	1	2	1	1	1	1	1	1
3	24	3	4	1525	0	3	4	0	2	3	0	34	1	1	1	1	2	1	1	1
0	36	3	6	4473	1	0	4	3	2	2	0	31	1	1	1	1	1	0	1	1
2	6	3	6	1068	1	0	4	3	2	4	0	28	1	1	1	1	2	0	1	1
1	24	1	9	6615	1	4	2	3	2	4	2	75	1	0	2	0	1	1	1	1
3	18	1	2	1864	2	2	4	0	2	2	3	30	1	1	2	1	1	0	1	0
2	60	3	4	7408	2	1	4	0	2	2	1	24	1	1	1	0	1	0	1	0
3	48	1	9	11590	2	2	2	0	2	4	0	24	0	2	2	3	1	0	1	0
1	24	4	3	4110	1	0	3	3	2	4	2	23	0	2	2	1	2	0	1	0
1	6	1	3	3384	1	2	1	1	2	4	3	44	1	2	1	0	1	1	1	0
2	13	3	6	2101	1	1	2	0	1	4	1	23	1	1	1	3	1	0	1	1
1	15	3	1	1275	4	2	4	0	2	2	0	24	1	2	1	1	1	0	1	0
1	24	3	3	4169	1	2	4	3	2	4	1	28	1	1	1	1	1	0	1	1
2	10	3	3	1521	1	2	4	1	2	2	0	31	1	1	1	3	1	0	1	1
2	24	1	2	5743	1	1	2	0	2	4	2	24	1	0	2	1	1	1	1	1
1	21	3	3	3599	1	3	1	0	2	4	0	26	1	2	1	3	1	0	1	1
2	18	3	6	3213	3	1	1	2	2	3	3	25	1	2	1	1	1	0	1	1
2	18	3	0	4439	1	0	1	3	0	1	3	33	0	1	1	0	1	1	1	1
0	10	3	4	3949	1	1	1	3	1	1	1	37	1	1	1	3	2	0	1	1
3	15	1	6	1459	1	2	4	0	2	2	0	43	1	1	1	3	1	0	1	1
2	13	1	6	882	1	1	4	3	1	4	3	23	1	1	2	1	1	0	1	1
2	24	3	6	3758	3	4	1	0	2	4	2	23	1	2	1	2	1	0	1	1
3	6	2	0	1743	2	2	1	3	2	2	3	34	1	1	2	3	1	0	1	1
2	9	1	2	1136	0	0	4	3	2	3	2	32	1	0	2	1	2	0	1	0
3	9	3	1	1236	1	1	1	0	2	4	3	23	1	2	1	1	1	1	1	1
2	9	3	3	959	1	2	1	0	2	2	0	29	1	1	1	1	1	0	0	0
3	18	1	9	3229	4	4	2	3	2	4	2	38	1	1	1	0	1	1	1	1
1	12	4	6	6199	1	2	4	3	2	2	1	28	1	2	2	1	1	1	1	0
3	10	3	2	727	3	0	4	3	2	4	2	46	1	0	1	1	1	1	1	1
2	24	3	4	1246	1	1	4	3	2	2	3	23	2	1	1	3	1	0	1	0
3	12	1	6	2331	4	0	1	3	0	4	3	49	1	1	1	1	1	1	1	1
3	36	2	6	4463	1	2	4	3	2	2	0	26	1	1	2	0	1	1	1	0
3	12	3	6	776	1	2	4	2	2	2	3	28	1	1	1	1	1	0	1	1
1	30	3	3	2406	1	3	4	0	2	4	3	23	1	2	1	1	1	0	1	0
2	18	3	2	1239	4	2	4	3	2	4	2	61	1	0	1	1	1	0	1	1
0	12	3	6	3399	4	0	2	3	2	3	0	37	1	1	1	0	1	0	1	1
0	12	2	4	2247	1	2	2	0	2	2	0	36	2	1	2	1	1	1	1	1
3	6	3	3	1766	1	2	1	2	2	2	1	21	1	2	1	1	1	0	1	1
1	18	3	3	2473	1	4	4	3	2	1	0	25	1	1	1	2	1	0	1	0
3	12	3	0	1542	1	3	2	3	2	4	0	36	1	1	1	1	1	1	1	1
3	18	1	9	3850	1	3	3	3	2	1	0	27	1	1	2	1	1	0	1	1
1	18	3	3	3650	1	1	1	0	2	4	0	22	1	2	1	1	1	0	1	1
1	36	3	3	3446	1	0	4	3	2	2	0	42	1	1	1	1	2	0	1	0
2	18	3	3	3001	1	3	2	0	2	4	3	40	1	2	1	1	1	0	1	1
3	36	3	4	3079	4	2	4	3	2	4	3	36	1	1	1	1	1	0	1	1
3	18	1	6	6070	1	0	3	3	2	4	0	33	1	1	2	1	1	1	1	1
3	10	1	3	2146	1	1	1	0	2	3	3	23	1	2	2	1	1	0	1	1
3	60	1	4	13756	4	0	2	3	2	4	2	63	0	0	1	0	1	1	1	1
2	60	0	5	14782	2	0	3	0	2	4	2	60	0	0	2	0	1	1	1	0
1	48	0	0	7685	1	3	2	0	1	4	0	37	1	2	1	1	1	0	1	0
3	18	2	6	2320	1	4	2	2	2	3	3	34	1	1	2	1	1	0	1	1
3	7	2	6	846	4	0	3	3	2	4	2	36	1	0	1	1	1	0	1	1
2	36	3	4	14318	1	0	4	3	2	2	2	57	1	0	1	0	1	1	1	0
3	6	1	4	362	2	2	4	0	2	4	0	52	1	1	2	3	1	0	1	1
1	20	3	3	2212	4	3	4	3	2	4	0	39	1	1	1	1	1	1	1	1
2	18	3	9	12976	1	4	3	0	2	4	2	38	1	0	1	0	1	1	1	0
3	22	3	4	1283	4	3	4	0	2	4	1	25	1	2	1	1	1	0	1	1
0	12	3	4	1330	1	1	4	3	2	1	3	26	1	1	1	1	1	0	1	1
3	30	2	0	4272	2	2	2	3	2	2	1	26	1	1	2	3	1	0	1	1
3	18	1	6	2238	1	2	2	0	2	1	0	25	1	1	2	1	1	0	1	1
3	18	3	6	1126	4	1	4	0	2	2	3	21	1	2	1	1	1	1	1	1
2	18	1	3	7374	1	4	4	3	2	4	1	40	2	1	2	0	1	1	1	1
2	15	1	0	2326	3	2	2	3	2	4	0	27	0	1	1	1	1	0	1	1
3	9	3	0	1449	1	3	3	0	2	2	0	27	1	1	2	1	1	0	1	1
3	18	3	4	1820	1	2	2	2	2	2	1	30	1	1	1	0	1	1	1	1
2	12	3	3	983	0	1	1	0	2	4	3	19	1	2	1	3	1	0	1	1
1	36	3	4	3249	1	3	2	3	2	4	2	39	0	0	1	0	2	1	1	1
1	6	1	6	1957	1	3	1	0	2	4	0	31	1	1	1	1	1	0	1	1
3	9	1	3	2406	1	4	2	3	2	3	0	31	1	1	1	0	1	0	1	1
2	39	2	2	11760	2	3	2	3	2	3	2	32	1	2	1	1	1	1	1	1
1	12	3	3	2578	1	4	3	0	2	4	2	55	1	0	1	0	1	0	1	1
1	36	1	3	2348	1	2	3	2	2	2	1	46	1	1	2	1	1	1	1	1
2	12	3	4	1223	1	0	1	1	2	1	3	46	1	2	2	1	1	0	1	0
3	24	1	6	1516	0	2	4	0	2	1	3	43	1	1	2	3	1	0	1	1
3	18	3	6	1473	1	1	3	2	2	4	3	39	1	1	1	1	1	1	1	1
2	18	1	0	1887	4	2	4	2	2	4	3	28	0	1	2	1	1	0	1	1
3	24	2	0	8648	1	1	2	3	2	2	0	27	0	1	2	1	1	1	1	0
3	14	2	4	802	1	2	4	3	2	2	0	27	1	1	2	3	1	0	1	1
2	18	2	4	2899	4	0	4	3	2	4	0	43	1	1	1	1	2	0	1	1
2	24	3	6	2039	1	1	1	2	2	1	1	22	1	1	1	1	1	1	1	0
3	24	1	9	2197	4	3	4	3	2	4	0	43	1	1	2	1	2	1	1	1
1	15	3	6	1053	1	1	4	2	2	2	3	27	1	1	1	1	1	0	0	1
3	24	3	6	3235	3	0	3	1	2	2	0	26	1	1	1	0	1	1	1	1
0	12	1	4	939	3	3	4	2	2	2	3	28	1	1	3	1	1	1	1	0
2	24	3	6	1967	1	0	4	0	2	4	0	20	1	1	1	1	1	1	1	1
3	33	1	9	7253	1	3	3	3	2	2	0	35	1	1	2	0	1	1	1	1
3	12	1	0	2292	1	4	4	3	2	2	0	42	2	1	2	0	1	1	1	0
3	10	3	4	1597	3	2	3	3	2	2	2	40	1	2	1	3	2	0	0	1
1	24	3	4	1381	4	2	4	0	2	2	1	35	1	1	1	1	1	0	1	0
3	36	1	9	5842	1	0	2	3	2	2	1	35	1	1	2	1	2	1	1	1
1	12	3	4	2579	1	1	4	3	2	1	3	33	1	1	1	3	2	0	1	0
1	18	2	2	8471	4	2	1	0	2	2	0	23	1	2	2	1	1	1	1	1
3	21	3	4	2782	3	3	1	0	2	2	0	31	0	1	1	0	1	0	1	1
2	18	3	4	1042	4	2	4	0	2	2	1	33	1	1	1	1	1	0	1	0
3	15	3	4	3186	0	3	2	0	2	3	0	20	1	2	1	1	1	0	1	1
2	12	3	9	2028	4	2	4	3	2	2	0	30	1	1	1	1	1	0	1	1
2	12	1	4	958	1	3	2	3	2	3	3	47	1	1	2	3	2	0	1	1
3	21	2	3	1591	2	3	4	3	2	3	3	34	1	1	2	0	1	0	1	1
2	12	3	3	2762	4	0	1	0	2	2	1	25	0	1	1	1	1	1	1	0
2	18	3	9	2779	1	2	1	2	2	3	0	21	1	2	1	1	1	1	1	1
3	28	1	6	2743	1	0	4	3	2	2	0	29	1	1	2	1	1	0	1	1
3	18	1	6	1149	0	2	4	3	2	3	3	46	1	1	2	1	1	0	1	1
3	9	3	3	1313	1	0	1	3	2	4	0	20	1	1	1	1	1	0	1	1
1	18	1	7	1190	1	4	2	0	2	4	2	55	1	0	3	2	2	0	1	0
3	5	3	0	3448	1	3	1	3	2	4	3	74	1	1	1	3	1	0	1	1
2	24	3	5	11328	1	2	2	3	0	3	0	29	0	1	2	0	1	1	1	0
1	6	1	3	1872	1	4	4	3	2	4	2	36	1	0	3	0	1	1	1	1
3	24	1	7	2058	1	2	4	1	2	2	3	33	1	1	2	1	1	1	1	1
1	9	3	3	2136	1	2	3	3	2	2	3	25	1	1	1	1	1	0	1	1
2	12	3	6	1484	4	2	2	2	2	1	3	25	1	1	1	1	1	1	1	0
3	6	3	7	660	3	3	2	2	2	4	3	23	1	2	1	3	1	0	1	1
3	24	1	4	1287	0	0	4	0	2	4	3	37	1	1	2	1	1	1	1	1
1	42	1	7	3394	1	4	4	3	0	4	0	65	1	1	2	2	1	0	1	1
0	12	0	0	609	1	1	4	0	2	1	3	26	1	1	1	2	1	0	1	0
3	12	3	4	1884	1	0	4	3	2	4	0	39	1	1	1	0	1	1	1	1
1	12	3	3	1620	1	2	2	0	0	3	1	30	1	1	1	1	1	0	1	1
2	20	2	5	2629	1	2	2	3	2	3	0	29	0	1	2	1	1	1	1	1
3	12	3	2	719	1	0	4	3	2	4	0	41	0	1	1	3	2	0	1	0
2	48	1	3	5096	1	2	2	0	2	3	0	30	1	1	1	0	1	1	1	0
3	9	1	2	1244	4	0	4	0	2	4	1	41	1	2	2	3	1	0	1	1
1	36	3	4	1842	1	1	4	0	2	4	0	34	1	1	1	1	1	1	1	0
2	7	3	6	2576	1	2	2	3	1	2	3	35	1	1	1	1	1	0	1	1
0	12	3	3	1424	4	0	3	0	2	4	3	55	1	1	1	0	1	1	1	1
2	15	2	7	1512	0	2	3	2	2	3	1	61	2	1	2	1	1	0	1	0
3	36	1	9	11054	4	2	4	3	2	2	0	30	1	1	1	0	1	1	1	1
3	6	3	6	518	1	2	3	0	2	1	3	29	1	1	1	1	1	0	1	1
3	12	4	3	2759	1	0	2	3	2	4	1	34	1	1	2	1	1	0	1	1
3	24	3	9	2670	1	0	4	3	2	4	0	35	1	1	1	0	1	1	1	1
1	24	3	4	4817	1	3	2	3	0	3	1	31	1	1	1	1	1	1	1	0
3	24	3	9	2679	1	1	4	0	2	1	2	29	1	1	1	0	1	1	1	1
1	11	1	4	3905	1	2	2	3	2	2	3	36	1	2	2	1	2	0	1	1
1	12	3	9	3386	1	0	3	3	2	4	2	35	1	0	1	1	1	1	1	0
1	6	3	1	343	1	1	4	0	2	1	3	27	1	1	1	1	1	0	1	1
3	18	3	6	4594	1	1	3	3	2	2	0	32	1	1	1	1	1	1	1	1
1	36	3	3	3620	1	2	1	3	1	2	1	37	1	1	1	1	2	0	1	1
1	15	3	4	1721	1	1	2	3	2	3	3	36	1	1	1	1	1	0	1	1
2	12	3	3	3017	1	1	3	0	2	1	3	34	1	2	1	0	1	0	1	1
2	12	3	8	754	4	0	4	3	2	4	1	38	1	1	2	1	1	0	1	1
3	18	3	0	1950	1	3	4	3	2	1	0	34	2	1	2	1	1	1	1	1
1	24	3	9	2924	1	2	3	3	1	4	2	63	0	1	1	1	2	1	1	1
1	24	2	6	1659	1	1	4	0	2	2	0	29	1	2	1	3	1	1	1	0
3	48	2	6	7238	4	0	3	3	2	3	0	32	0	1	2	1	2	0	1	1
3	33	2	0	2764	1	2	2	0	2	2	0	26	1	1	2	1	1	1	1	1
3	24	2	9	4679	1	3	3	3	2	3	0	35	1	1	2	3	1	1	1	1
2	24	3	6	3092	2	1	3	2	2	2	0	22	1	2	1	1	1	1	1	0
1	6	3	2	448	1	1	4	0	2	4	1	23	1	1	1	1	1	0	1	0
1	9	3	4	654	1	2	4	3	2	3	0	28	1	1	1	3	1	0	1	0
3	6	3	8	1238	4	4	4	3	2	4	1	36	1	1	1	0	2	1	1	1
2	18	1	6	1245	1	2	4	2	2	2	0	33	1	1	1	1	1	0	1	0
1	18	4	3	3114	1	1	1	0	2	4	1	26	1	2	1	1	1	0	1	0
3	39	3	9	2569	3	2	4	3	2	4	0	24	1	1	1	1	1	0	1	1
0	24	3	6	5152	1	3	4	3	2	2	0	25	0	1	1	1	1	0	1	1
2	12	3	0	1037	2	3	3	3	2	4	3	39	1	1	1	3	1	0	1	1
1	15	1	3	1478	1	0	4	3	2	4	0	44	1	1	2	1	2	1	1	1
2	12	1	6	3573	1	2	1	0	2	1	3	23	1	1	1	3	1	0	1	1
2	24	3	4	1201	1	1	4	3	2	1	1	26	1	1	1	1	1	0	1	1
1	30	3	3	3622	0	0	4	0	2	4	1	57	1	2	2	1	1	1	1	1
3	15	2	3	960	0	3	3	0	2	2	1	30	1	1	2	1	1	0	1	1
3	12	1	4	1163	3	2	4	3	2	4	3	44	1	1	1	1	1	1	1	1
2	6	2	4	1209	1	4	4	3	2	4	1	47	1	1	1	0	1	1	1	0
3	12	3	6	3077	1	2	2	3	2	4	0	52	1	1	1	1	1	1	1	1
3	24	3	4	3757	1	0	4	0	0	4	2	62	1	0	1	1	1	1	1	1
3	10	3	4	1418	2	2	3	3	2	2	3	35	1	2	1	3	1	0	0	1
3	6	3	4	3518	1	2	2	3	1	3	1	26	1	2	1	1	1	0	1	1
3	12	1	6	1934	1	0	2	3	2	2	2	26	1	1	2	1	1	0	1	1
2	27	4	0	8318	1	0	2	0	2	4	2	42	1	0	2	0	1	1	1	0
3	6	1	6	1237	2	2	1	0	2	1	1	27	1	1	2	1	1	0	1	1
2	6	3	6	368	4	0	4	3	2	4	1	38	1	1	1	1	1	0	1	1
1	12	1	4	2122	1	2	3	3	2	2	3	39	1	2	2	3	2	0	0	1
1	24	3	3	2996	4	2	2	2	2	4	0	20	1	1	1	1	1	0	1	0
2	36	3	3	9034	2	1	4	3	0	1	2	29	1	2	1	0	1	1	1	0
3	24	1	3	1585	1	3	4	3	2	3	1	40	1	1	2	1	1	0	1	1
2	18	3	6	1301	1	0	4	2	1	2	3	32	1	1	1	3	1	0	1	1
0	6	1	4	1323	2	0	2	1	2	4	0	28	1	1	2	1	2	1	1	1
1	24	3	4	3123	1	1	4	0	2	1	1	27	1	1	1	1	1	0	1	0
1	36	3	9	5493	1	0	2	3	2	4	2	42	1	0	1	1	2	0	1	1
0	9	3	6	1126	2	0	2	1	2	4	3	49	1	1	1	1	1	0	1	1
2	24	1	6	1216	2	1	4	3	2	4	2	38	0	1	2	1	2	0	1	0
1	24	3	4	1207	1	1	4	0	2	4	1	24	1	2	1	1	1	0	1	0
3	10	3	4	1309	4	2	4	3	1	4	1	27	1	1	1	3	1	0	1	0
0	15	1	9	2360	3	2	2	3	2	2	0	36	1	1	1	1	1	1	1	1
2	15	0	4	6850	2	4	1	3	2	2	1	34	1	1	1	0	2	1	1	0
3	24	3	6	1413	1	2	4	2	2	2	1	28	1	1	1	1	1	0	1	1
3	39	3	9	8588	2	0	4	3	2	2	0	45	1	1	1	0	1	1	1	1
1	12	3	4	759	1	3	4	3	2	2	3	26	1	1	1	1	1	0	1	0
3	36	3	9	4686	1	2	2	3	2	2	2	32	1	0	1	0	1	1	1	1
0	15	3	0	2687	1	3	2	3	2	4	1	26	1	2	1	1	1	1	1	1
2	12	2	6	585	1	2	4	2	0	4	3	20	1	2	2	1	1	0	1	1
3	24	3	4	2255	4	1	4	3	2	1	1	54	1	1	1	1	1	0	1	1
1	6	1	4	609	1	3	4	0	2	3	1	37	1	1	2	1	1	0	0	1
1	6	1	4	1361	1	1	2	3	2	4	3	40	1	1	1	3	2	0	0	1
3	36	1	3	7127	1	1	2	0	2	4	1	23	1	2	2	1	1	1	1	0
1	6	3	4	1203	2	0	3	3	2	2	1	43	1	1	1	1	1	1	1	1
3	6	1	6	700	4	0	4	3	2	4	2	36	1	0	2	1	1	0	1	1
3	24	1	7	5507	1	0	3	3	2	4	2	44	1	0	2	1	1	0	1	1
1	18	3	6	3190	1	2	2	0	2	2	3	24	1	1	1	1	1	0	1	0
1	48	4	3	7119	1	2	3	3	2	4	2	53	1	0	2	1	2	0	1	0
3	24	3	9	3488	2	3	3	0	2	4	0	23	1	1	1	1	1	0	1	1
2	18	3	6	1113	1	2	4	0	1	4	3	26	1	1	1	3	2	0	1	1
2	26	3	9	7966	1	1	2	3	2	3	0	30	1	1	2	1	1	0	1	1
3	15	1	2	1532	2	2	4	0	2	3	0	31	1	1	1	1	1	0	1	1
3	4	1	6	1503	1	3	2	3	2	1	3	42	1	1	2	3	2	0	1	1
1	36	3	6	2302	1	2	4	1	2	4	0	31	1	2	1	1	1	0	1	0
1	6	3	4	662	1	1	3	3	2	4	3	41	1	1	1	3	2	1	1	1
2	36	3	2	2273	1	3	3	3	2	1	0	32	1	1	2	1	2	0	1	1
2	15	3	4	2631	2	2	2	0	2	4	0	28	1	2	2	1	1	1	1	0
3	12	2	9	1503	1	2	4	2	2	4	3	41	1	2	1	1	1	0	1	1
3	24	3	6	1311	2	3	4	2	2	3	1	26	1	1	1	1	1	1	1	1
3	24	3	6	3105	4	1	4	3	2	2	0	25	1	1	2	1	1	0	1	1
0	21	1	2	2319	1	1	2	1	2	1	0	33	1	2	1	1	1	0	1	0
1	6	3	4	1374	4	4	4	0	2	3	1	75	1	1	1	0	1	1	1	1
2	18	1	3	3612	1	0	3	0	2	4	1	37	1	1	1	1	1	1	1	1
1	48	3	4	7763	1	0	4	3	2	4	2	42	0	0	1	0	1	0	1	0
0	18	3	3	3049	1	1	1	0	2	1	1	45	2	1	1	3	1	0	1	1
2	12	3	6	1534	1	1	1	2	2	1	3	23	1	2	1	1	1	0	1	0
3	24	2	4	2032	1	0	4	3	2	4	2	60	1	0	2	1	1	1	1	1
1	30	3	3	6350	4	0	4	3	2	4	1	31	1	1	1	1	1	0	1	0
0	18	3	3	2864	1	2	2	3	2	1	3	34	1	1	1	3	2	0	1	0
3	12	1	4	1255	1	0	4	3	2	4	3	61	1	1	2	3	1	0	1	1
1	24	2	4	1333	1	4	4	3	2	2	3	43	1	0	2	1	2	0	1	0
3	24	1	4	2022	1	2	4	0	2	4	0	37	1	1	1	1	1	1	1	1
3	24	3	6	1552	1	3	3	3	2	1	0	32	0	1	1	1	2	0	1	1
1	12	0	6	626	1	2	4	0	2	4	3	24	0	1	1	3	1	0	1	0
3	48	1	9	8858	4	3	2	3	2	1	2	35	1	0	2	1	1	1	1	1
3	12	1	7	996	4	3	4	0	2	4	3	23	1	1	2	1	1	0	1	1
3	6	0	6	1750	3	0	2	3	2	4	1	45	0	1	1	3	2	0	1	1
1	48	3	6	6999	1	3	1	2	1	1	3	34	1	1	2	1	1	1	1	0
2	12	1	4	1995	2	1	4	3	2	1	0	27	1	1	1	1	1	0	1	1
2	9	3	2	1199	1	3	4	0	2	4	1	67	1	1	2	0	1	1	1	1
2	12	3	6	1331	1	1	2	3	2	1	0	22	2	1	1	1	1	0	1	0
2	18	4	4	2278	2	1	3	0	2	3	0	28	1	1	2	1	1	0	1	0
3	21	4	4	5003	4	2	1	0	2	4	1	29	0	1	2	1	1	1	1	0
1	24	0	3	3552	1	3	3	3	2	4	0	27	0	1	1	1	1	0	1	0
2	18	1	3	1928	1	1	2	3	2	2	3	31	1	1	2	3	1	0	1	0
1	24	3	9	2964	4	0	4	3	2	4	2	49	0	0	1	1	2	1	1	1
1	24	0	6	1546	1	3	4	3	1	4	0	24	0	2	1	3	1	0	1	0
0	6	2	6	683	1	1	2	0	2	1	1	29	0	1	1	1	1	0	1	1
2	36	3	4	12389	4	2	1	3	2	4	2	37	1	0	1	1	1	1	1	0
2	24	2	0	4712	4	2	4	3	2	2	1	37	0	1	2	0	1	1	1	1
2	24	2	6	1553	2	3	3	0	2	2	1	23	1	2	2	1	1	1	1	1
1	12	3	4	1372	1	3	2	1	2	3	0	36	1	1	1	1	1	0	1	0
3	24	1	6	2578	0	0	2	3	2	2	0	34	1	1	1	1	1	0	1	1
2	48	3	6	3979	4	3	4	3	2	1	0	41	1	1	2	1	2	1	1	1
1	48	3	6	6758	1	2	3	0	2	2	0	31	1	1	1	1	1	1	1	0
1	24	3	3	3234	1	1	4	0	2	4	3	23	1	2	1	3	1	1	1	0
3	30	1	6	5954	1	3	3	3	0	2	0	38	1	1	1	1	1	0	1	1
3	24	3	9	5433	4	4	2	0	2	4	1	26	1	2	1	0	1	1	1	1
1	15	3	0	806	1	2	4	0	2	4	1	22	1	1	1	3	1	0	1	1
2	9	3	6	1082	1	0	4	3	2	4	0	27	1	1	2	3	1	0	1	1
3	15	1	3	2788	1	3	2	0	0	3	0	24	0	1	2	1	1	0	1	1
2	12	3	6	2930	1	3	2	0	2	1	3	27	1	1	1	1	1	0	1	1
3	24	1	2	1927	4	2	3	0	2	2	0	33	1	1	2	1	1	1	1	1
2	36	1	4	2820	1	1	4	1	2	4	0	27	1	1	2	1	1	0	1	0
3	24	3	8	937	1	1	4	2	2	3	0	27	1	1	2	3	1	0	1	1
2	18	1	4	1056	1	0	3	3	1	3	3	30	0	1	2	1	1	0	1	0
2	12	1	4	3124	1	1	1	3	2	3	3	49	0	1	2	3	2	0	1	1
3	9	3	3	1388	1	2	4	0	2	2	3	26	1	2	1	1	1	0	1	1
2	36	3	7	2384	1	1	4	3	2	1	2	33	1	2	1	3	1	0	1	0
3	12	3	4	2133	4	0	4	0	2	4	2	52	1	0	1	0	1	1	1	1
1	18	3	3	2039	1	2	1	0	2	4	3	20	0	2	1	1	1	0	1	0
1	9	1	4	2799	1	2	2	3	2	2	3	36	1	2	2	1	2	0	1	1
1	12	3	3	1289	1	2	4	3	1	1	1	21	1	1	1	3	1	0	1	1
1	18	3	1	1217	1	2	4	2	2	3	3	47	1	1	1	3	1	1	1	0
1	12	1	3	2246	1	0	3	3	2	3	1	60	1	1	2	1	1	0	1	0
1	12	1	6	385	1	3	4	0	2	3	3	58	1	1	4	3	1	1	1	1
2	24	2	4	1965	4	2	4	0	2	4	0	42	1	2	2	1	1	1	1	1
3	21	3	0	1572	0	0	4	0	2	4	3	36	0	1	1	3	1	0	1	1
2	24	3	4	2718	1	2	3	0	2	4	1	20	1	2	1	3	1	1	1	0
1	24	0	5	1358	4	0	4	3	2	3	0	40	2	1	1	0	1	1	1	0
2	6	0	4	931	2	1	1	0	2	1	1	32	2	1	1	3	1	0	1	0
1	24	3	4	1442	1	3	4	0	2	4	0	23	1	2	2	1	1	0	1	0
2	24	4	0	4241	1	2	1	3	2	4	3	36	1	1	3	3	1	1	1	0
3	18	1	4	2775	1	3	2	3	2	2	1	31	0	1	2	1	1	0	1	0
3	24	2	0	3863	1	2	1	3	2	2	2	32	1	0	1	1	1	0	1	1
2	7	3	6	2329	1	1	1	0	1	1	3	45	1	1	1	1	1	0	1	1
2	9	3	3	918	1	2	4	0	2	1	1	30	1	1	1	1	1	0	1	0
2	24	0	2	1837	1	3	4	0	2	4	2	34	0	0	1	3	1	0	1	0
3	36	3	3	3349	1	2	4	0	2	2	0	28	1	1	1	0	1	1	1	0
0	10	3	3	1275	1	1	4	0	2	2	1	23	1	1	1	1	1	0	1	1
1	24	0	3	2828	3	2	4	3	2	4	3	22	2	1	1	1	1	1	1	1
3	24	1	0	4526	1	2	3	3	2	2	3	74	1	1	1	0	1	1	1	1
2	36	3	6	2671	2	2	4	0	0	4	2	50	1	0	1	1	1	0	1	0
3	18	3	6	2051	1	1	4	3	2	1	3	33	1	1	1	1	1	0	1	1
3	15	3	9	1300	4	0	4	3	2	4	2	45	0	0	1	1	2	0	1	1
1	12	3	1	741	2	4	4	0	2	3	1	22	1	1	1	1	1	0	1	0
0	10	3	4	1240	2	0	1	0	2	4	2	48	1	0	1	3	2	0	1	0
1	21	3	6	3357	0	1	4	0	2	2	0	29	0	1	1	1	1	0	1	1
1	24	0	9	3632	1	2	1	0	1	4	0	22	0	2	1	1	1	0	0	1
3	18	2	3	1808	1	3	4	0	2	1	3	22	1	1	1	1	1	0	1	0
2	48	4	0	12204	4	2	2	3	2	2	0	48	0	1	1	0	1	1	1	1
2	60	2	6	9157	4	2	2	3	2	2	2	27	1	0	1	0	1	0	1	1
1	6	1	4	3676	1	2	1	3	2	3	3	37	1	2	3	1	2	0	1	1
2	30	3	3	3441	2	2	2	0	0	4	0	21	1	2	1	1	1	0	1	0
3	12	3	4	640	1	2	4	1	2	2	3	49	1	1	1	3	1	0	1	1
2	21	1	0	3652	1	3	2	3	2	3	1	27	1	1	2	1	1	0	1	1
3	18	1	4	1530	1	2	3	3	2	2	1	32	0	1	2	1	1	0	1	0
3	48	3	0	3914	4	2	4	1	2	2	3	38	0	1	1	1	1	0	1	0
1	12	3	3	1858	1	1	4	0	2	1	0	22	1	2	1	1	1	0	1	1
1	18	3	6	2600	1	2	4	3	2	4	2	65	1	0	2	1	1	0	1	0
3	15	3	6	1979	4	0	4	3	2	2	0	35	1	1	1	1	1	0	1	1
0	6	3	3	2116	1	2	2	3	2	2	3	41	1	1	1	1	1	1	1	1
2	9	0	4	1437	2	3	2	3	2	3	2	29	1	1	1	1	1	0	1	0
3	42	1	3	4042	3	2	4	3	2	4	3	36	1	1	2	1	1	1	1	1
3	9	3	2	3832	4	0	1	3	2	4	3	64	1	1	1	3	1	0	1	1
1	24	3	6	3660	1	2	2	0	2	4	0	28	1	1	1	1	1	0	1	1
1	18	0	3	1553	1	2	4	3	2	3	0	44	0	1	1	1	1	0	1	0
2	15	3	6	1444	4	1	4	3	2	1	1	23	1	1	1	1	1	0	1	1
3	9	3	3	1980	1	1	2	0	0	2	0	19	1	2	2	1	1	0	1	0
2	24	3	4	1355	1	1	3	0	2	4	0	25	1	1	1	3	1	1	1	0
3	12	3	2	1393	1	0	4	3	2	4	1	47	0	1	3	1	2	1	1	1
3	24	3	6	1376	3	3	4	0	2	1	0	28	1	1	1	1	1	0	1	1
3	60	2	6	15653	1	3	2	3	2	4	0	21	1	1	2	1	1	1	1	1
3	12	3	6	1493	1	1	4	0	2	3	0	34	1	1	1	1	2	0	1	1
1	42	2	6	4370	1	3	3	3	2	2	1	26	0	1	2	1	2	1	1	0
1	18	3	2	750	1	4	4	0	2	1	3	27	1	1	1	2	1	0	1	0
2	15	3	7	1308	1	0	4	3	2	4	0	38	1	1	2	3	1	0	1	1
3	15	3	2	4623	2	2	3	3	2	2	1	40	1	1	1	0	1	1	1	0
3	24	1	6	1851	1	3	4	2	1	2	0	33	1	1	2	1	1	1	1	1
1	18	1	6	1880	1	3	4	2	2	1	1	32	1	1	2	0	1	1	1	1
3	36	2	0	7980	4	1	4	3	2	4	0	27	1	2	2	1	1	1	1	0
1	30	4	3	4583	1	2	2	1	1	2	3	32	1	1	2	1	1	0	1	1
3	12	3	4	1386	3	2	2	0	2	2	1	26	1	1	1	1	1	0	1	0
0	24	3	4	947	1	3	4	3	2	3	2	38	0	0	1	1	2	0	1	0
1	12	3	2	684	1	2	4	3	2	4	0	40	1	2	1	3	2	0	1	0
1	48	3	2	7476	1	3	4	3	2	1	2	50	1	0	1	0	1	1	1	1
2	12	3	3	1922	1	2	4	3	2	2	1	37	1	1	1	3	1	0	1	0
1	24	3	4	2303	1	0	4	3	0	1	3	45	1	1	1	1	1	0	1	0
2	36	2	4	8086	2	0	2	3	2	4	0	42	1	1	4	0	1	1	1	0
3	24	1	9	2346	1	3	4	3	2	3	0	35	1	1	2	1	1	1	1	1
1	14	3	4	3973	1	4	1	3	2	4	2	22	1	0	1	1	1	0	1	1
2	12	3	4	888	1	0	4	3	2	4	0	41	0	1	1	3	2	0	1	0
3	48	3	6	10222	4	3	4	3	2	3	0	37	2	1	1	1	1	1	1	1
2	30	4	0	4221	1	2	2	0	2	1	0	28	1	1	2	1	1	0	1	1
2	18	1	3	6361	1	0	2	3	2	1	2	41	1	1	1	1	1	1	1	1
0	12	3	6	1297	1	2	3	2	2	4	3	23	1	2	1	1	1	0	1	1
1	12	3	4	900	4	2	4	2	2	2	0	23	1	1	1	1	1	0	1	0
3	21	3	3	2241	1	0	4	3	2	2	3	50	1	1	2	1	1	0	1	1
2	6	2	3	1050	1	4	4	3	2	1	1	35	2	1	2	0	1	1	1	1
0	6	1	2	1047	1	2	2	0	2	4	1	50	1	1	1	3	1	0	1	1
3	24	1	5	6314	1	4	4	3	0	2	2	27	0	1	2	0	1	1	1	1
2	30	0	3	3496	0	2	4	3	2	2	0	34	2	1	1	1	2	1	1	1
3	48	0	0	3609	1	2	1	0	2	1	3	27	2	1	1	1	1	0	1	1
1	12	1	4	4843	1	0	3	3	0	4	1	43	1	2	2	1	1	1	1	0
0	30	1	6	3017	1	0	4	3	2	4	1	47	1	1	1	1	1	0	1	1
3	24	1	0	4139	2	2	3	3	2	3	1	27	1	1	2	3	1	1	1	1
3	36	3	0	5742	2	3	2	3	2	2	0	31	1	1	2	1	1	1	1	1
3	60	3	4	10366	1	0	2	3	2	4	1	42	1	1	1	0	1	1	1	1
3	6	1	4	2080	3	2	1	2	2	2	0	24	1	1	1	1	1	0	1	1
3	21	2	0	2580	3	1	4	3	2	2	3	41	0	1	1	3	2	0	1	0
3	30	1	6	4530	1	3	4	0	2	4	0	26	1	2	1	0	1	1	1	1
3	24	1	3	5150	1	0	4	3	2	4	0	33	1	1	1	1	1	1	1	1
2	72	3	6	5595	2	2	2	2	2	2	0	24	1	1	1	1	1	0	1	0
1	24	3	6	2384	1	0	4	3	2	4	3	64	0	2	1	3	1	0	1	1
3	18	3	6	1453	1	1	3	0	2	1	3	26	1	1	1	1	1	0	1	1
3	6	3	2	1538	1	1	1	0	2	2	2	56	1	1	1	1	1	0	1	1
3	12	3	6	2279	4	2	4	3	2	4	2	37	1	0	1	1	1	1	1	1
3	15	2	6	1478	1	2	4	2	2	3	3	33	0	1	2	1	1	0	1	1
3	24	1	6	5103	1	1	3	2	2	3	2	47	1	0	3	1	1	1	1	1
2	36	2	0	9857	2	3	1	3	2	3	1	31	1	1	2	3	2	1	1	1
3	60	3	4	6527	4	2	4	3	2	4	2	34	1	0	1	1	2	1	1	1
0	10	1	6	1347	4	3	4	3	2	2	1	27	1	1	2	1	1	1	1	1
2	36	2	4	2862	2	0	4	3	2	3	2	30	1	0	1	1	1	0	1	1
3	9	3	6	2753	2	0	3	3	0	4	0	35	1	1	1	1	1	1	1	1
1	12	3	4	3651	0	2	1	3	2	3	1	31	1	1	1	1	2	0	1	1
1	15	1	3	975	1	2	2	1	2	3	1	25	1	1	2	1	1	0	1	1
2	15	3	7	2631	2	2	3	0	2	2	3	25	1	1	1	3	1	0	1	1
2	24	3	6	2896	2	1	2	3	2	1	0	29	1	1	1	1	1	0	1	1
1	6	1	4	4716	4	1	1	3	2	3	3	44	1	1	2	3	2	0	1	1
3	24	3	6	2284	1	3	4	3	2	2	0	28	1	1	1	1	1	1	1	1
3	6	3	9	1236	3	2	2	3	2	4	1	50	1	2	1	1	1	0	1	1
2	12	3	6	1103	1	3	4	3	1	3	3	29	1	1	2	1	1	0	0	1
3	12	1	4	926	1	4	1	0	2	2	1	38	1	1	1	2	1	0	1	1
3	18	1	6	1800	1	2	4	3	2	2	0	24	1	1	2	1	1	0	1	1
0	15	3	2	1905	1	0	4	3	2	4	0	40	1	2	1	0	1	1	1	1
3	12	3	3	1123	3	2	4	0	2	4	0	29	1	2	1	3	1	0	1	0
1	48	1	9	6331	1	0	4	3	2	4	2	46	1	0	2	1	1	1	1	0
0	24	3	6	1377	2	0	4	0	2	2	2	47	1	0	1	1	1	1	1	1
2	30	2	0	2503	2	0	4	3	2	2	1	41	2	1	2	1	1	0	1	1
2	27	3	0	2528	1	1	4	0	2	1	1	32	1	1	1	1	2	1	1	1
3	15	3	4	5324	3	0	1	0	2	4	2	35	1	0	1	1	1	0	1	1
2	48	3	4	6560	2	3	3	3	2	2	1	24	1	1	1	1	1	0	1	0
2	12	4	3	2969	1	1	4	0	2	3	1	25	1	2	2	1	1	0	1	0
2	9	3	6	1206	1	0	4	0	2	4	3	25	1	1	1	1	1	0	1	1
2	9	3	6	2118	1	2	2	3	2	2	3	37	1	1	1	3	2	0	1	1
3	18	1	6	629	3	0	4	3	2	3	1	32	0	1	2	0	1	1	1	1
1	6	0	2	1198	1	0	4	0	2	4	2	35	1	0	1	1	1	0	1	0
3	21	3	9	2476	4	0	4	3	2	4	3	46	1	1	1	0	1	1	1	1
1	9	1	6	1138	1	2	4	3	2	4	3	25	1	1	2	3	1	0	1	1
2	60	3	4	14027	1	3	4	3	2	2	2	27	1	1	1	0	1	1	1	0
3	30	1	9	7596	4	0	1	3	2	4	0	63	1	1	2	1	1	0	1	1
3	30	1	6	3077	4	0	3	3	2	2	0	40	1	1	2	1	2	1	1	1
3	18	3	6	1505	1	2	4	3	2	2	2	32	1	0	1	0	1	1	1	1
0	24	1	6	3148	4	2	3	3	2	2	0	31	1	1	2	1	1	1	1	1
2	20	4	9	6148	2	0	3	2	2	4	0	31	0	1	2	1	1	1	1	1
0	9	4	6	1337	1	1	4	3	2	2	0	34	1	1	2	0	1	1	1	0
2	6	0	2	433	0	1	4	0	2	2	1	24	0	2	1	1	2	0	1	0
1	12	3	4	1228	1	2	4	0	2	2	3	24	1	1	1	3	1	0	1	0
2	9	3	6	790	3	2	4	0	2	3	3	66	1	1	1	3	1	0	1	1
3	27	3	4	2570	1	2	3	0	2	3	3	21	1	2	1	1	1	0	1	0
3	6	1	4	250	0	2	2	0	2	2	3	41	0	1	2	3	1	0	1	1
3	15	1	6	1316	3	2	2	2	2	2	1	47	1	1	2	3	1	0	1	1
1	18	3	6	1882	1	2	4	0	2	4	0	25	0	2	2	1	1	0	1	0
2	48	0	0	6416	1	0	4	0	2	3	2	59	1	2	1	1	1	0	1	0
0	24	1	0	1275	0	2	2	1	2	4	3	36	1	1	2	1	1	1	1	1
2	24	2	6	6403	1	1	1	3	2	2	0	33	1	1	1	1	1	0	1	1
1	24	3	6	1987	1	2	2	3	2	4	3	21	1	2	1	3	2	0	1	0
2	8	3	6	760	1	3	4	0	1	2	3	44	1	1	1	3	1	0	1	1
3	24	3	9	2603	0	2	2	0	2	4	0	28	1	2	1	1	1	1	1	1
3	4	1	4	3380	1	3	1	0	2	1	3	37	1	1	1	1	2	0	1	1
2	36	0	1	3990	4	1	3	0	2	2	2	29	0	1	1	2	1	0	1	1
2	24	3	9	11560	1	2	1	0	2	4	0	23	1	2	2	0	1	0	1	0
1	18	3	4	4380	2	2	3	3	2	4	0	35	1	1	1	3	2	1	1	1
3	6	1	4	6761	1	3	1	3	2	3	2	45	1	1	2	0	2	1	1	1
2	30	4	0	4280	2	2	4	0	2	4	0	26	1	2	2	3	1	0	1	0
1	24	0	4	2325	2	3	2	3	2	3	0	32	0	1	1	1	1	0	1	1
2	10	0	6	1048	1	2	4	3	2	4	3	23	2	1	1	3	1	0	1	1
3	21	3	6	3160	4	0	4	3	2	3	1	41	1	1	1	1	1	1	1	1
1	24	0	3	2483	3	2	4	3	2	4	3	22	2	1	1	1	1	1	1	1
1	39	1	3	14179	4	3	4	3	2	4	1	30	1	1	2	0	1	1	1	1
1	13	1	0	1797	1	1	3	3	2	1	1	28	0	1	2	3	1	0	1	1
1	15	3	4	2511	1	4	1	0	2	4	0	23	1	2	1	1	1	0	1	1
1	12	3	4	1274	1	1	3	0	2	1	3	37	1	1	1	3	1	0	1	0
3	21	3	9	5248	4	2	1	3	2	3	0	26	1	1	1	1	1	0	1	1
3	15	3	9	3029	1	3	2	3	2	2	0	33	1	1	1	1	1	0	1	1
1	6	3	3	428	1	0	2	0	2	1	1	49	0	1	1	1	1	1	1	1
1	18	3	4	976	1	1	1	0	2	2	0	23	1	1	1	3	1	0	1	0
2	12	3	0	841	2	3	2	0	2	4	3	23	1	2	1	3	1	0	1	1
3	30	1	6	5771	1	3	4	0	2	2	0	25	1	1	2	1	1	0	1	1
3	12	2	7	1555	0	0	4	3	2	4	2	55	1	0	2	1	2	0	1	0
1	24	3	4	1285	4	3	4	0	2	4	2	32	1	2	1	1	1	0	1	0
0	6	1	4	1299	1	2	1	3	2	1	3	74	1	1	3	2	2	0	0	1
0	15	1	6	1271	4	2	3	3	2	4	2	39	1	0	2	1	1	1	1	0
3	24	3	4	1393	1	2	2	3	1	2	3	31	1	1	1	1	1	1	1	1
1	12	1	4	691	1	0	4	3	2	3	1	35	1	1	2	1	1	0	1	0
3	15	1	4	5045	4	0	1	0	2	4	0	59	1	1	1	1	1	1	1	1
1	18	1	3	2124	1	2	4	0	2	4	3	24	1	2	2	1	1	0	1	0
1	12	3	6	2214	1	2	4	3	2	3	1	24	1	1	1	3	1	0	1	1
3	21	1	4	12680	4	0	4	3	2	4	2	30	1	0	1	0	1	1	1	0
3	24	1	4	2463	2	3	4	2	2	3	1	27	1	1	2	1	1	1	1	1
2	12	3	6	1155	1	0	3	2	1	3	3	40	0	1	2	3	1	0	1	1
1	30	3	3	3108	1	1	2	1	2	4	1	31	1	1	1	3	1	0	1	0
3	10	3	9	2901	4	1	1	0	2	4	3	31	1	2	1	1	1	0	1	1
2	12	1	3	3617	1	0	1	3	2	4	0	28	1	2	3	1	1	1	1	1
3	12	1	6	1655	1	0	2	3	2	4	3	63	1	1	2	3	1	1	1	1
1	24	3	9	2812	4	0	2	0	2	4	3	26	1	2	1	1	1	0	1	1
1	36	1	2	8065	1	2	3	0	2	2	2	25	1	1	2	0	1	1	1	0
3	21	1	9	3275	1	0	1	3	2	4	0	36	1	1	1	0	1	1	1	1
3	24	1	6	2223	2	0	4	3	2	4	1	52	0	1	2	1	1	0	1	1
0	12	1	4	1480	3	4	2	3	2	4	2	66	0	0	3	2	1	0	1	1
1	24	3	4	1371	4	2	4	0	2	4	3	25	1	2	1	1	1	0	1	0
3	36	1	4	3535	1	3	4	3	2	4	0	37	1	1	2	1	1	1	1	1
1	18	3	6	3509	1	3	4	0	1	1	3	25	1	1	1	1	1	0	1	1
3	36	1	9	5711	0	0	4	3	2	2	0	38	1	1	2	0	1	1	1	1
2	18	3	7	3872	1	4	2	0	2	4	0	67	1	1	1	1	1	1	1	1
2	39	1	6	4933	1	3	2	3	1	2	3	25	1	1	2	1	1	0	1	0
3	24	1	4	1940	0	0	4	3	2	4	3	60	1	1	1	1	1	1	1	1
2	12	4	8	1410	1	2	2	3	2	2	3	31	1	1	1	3	1	1	1	1
2	12	3	4	836	2	1	4	0	2	2	1	23	0	1	1	3	1	0	1	0
2	20	3	9	6468	4	4	1	1	2	4	3	60	1	1	1	0	1	1	1	1
2	18	3	0	1941	0	2	4	3	2	2	1	35	1	1	1	3	1	1	1	1
3	22	3	6	2675	3	0	3	3	2	4	0	40	1	1	1	1	1	0	1	1
3	48	1	9	2751	4	0	4	3	2	3	0	38	1	1	2	1	2	1	1	1
2	48	2	2	6224	1	0	4	3	2	4	2	50	1	0	1	1	1	0	1	0
1	40	1	2	5998	1	2	4	3	2	3	2	27	0	1	1	1	1	1	1	0
2	21	3	0	1188	1	0	2	0	2	4	1	39	1	1	1	1	2	0	1	0
3	24	3	9	6313	4	0	3	3	2	4	0	41	1	1	1	0	2	1	1	1
3	6	1	3	1221	4	2	1	2	2	2	1	27	1	1	2	1	1	0	1	1
0	24	3	3	2892	1	0	3	1	2	4	2	51	1	0	1	1	1	0	1	1
3	24	3	3	3062	3	0	4	3	2	3	2	32	1	2	1	1	1	1	1	1
3	9	3	3	2301	2	1	2	0	2	4	1	22	1	2	1	1	1	0	1	1
1	18	3	9	7511	4	0	1	3	2	4	1	51	1	0	1	1	2	1	1	0
3	12	1	3	1258	1	1	2	0	2	4	1	22	1	2	2	3	1	0	1	1
3	24	2	4	717	4	0	4	2	2	4	0	54	1	1	2	1	1	1	1	1
2	9	3	4	1549	4	1	4	3	2	2	3	35	1	1	1	2	1	0	1	1
3	24	1	2	1597	1	0	4	3	2	4	2	54	1	0	2	1	2	0	1	1
2	18	1	6	1795	1	0	3	0	1	4	3	48	0	2	2	3	1	1	1	1
1	20	1	3	4272	1	0	1	0	2	4	1	24	1	1	2	1	1	0	1	1
3	12	1	6	976	4	0	4	3	2	4	0	35	1	1	2	1	1	0	1	1
2	12	3	4	7472	4	4	1	0	2	2	3	24	1	2	1	2	1	0	1	1
1	36	3	4	9271	1	3	2	3	2	1	0	24	1	1	1	1	1	1	1	0
2	6	3	6	590	1	1	3	2	2	3	3	26	1	1	1	3	1	0	0	1
3	12	1	6	930	4	0	4	3	2	4	3	65	1	1	4	1	1	0	1	1
2	42	0	9	9283	1	4	1	3	2	2	2	55	0	0	1	0	1	1	1	1
2	15	4	4	1778	1	1	2	0	2	1	3	26	1	2	2	2	1	0	1	0
2	8	3	0	907	1	1	3	2	2	2	3	26	1	1	1	1	1	1	1	1
2	6	3	6	484	1	3	3	2	1	3	3	28	0	1	1	3	1	0	1	1
1	36	1	9	9629	1	3	4	3	2	4	0	24	1	1	2	1	1	1	1	0
1	48	3	1	3051	1	2	3	3	2	4	0	54	1	1	1	1	1	0	1	0
1	48	3	4	3931	1	3	4	3	2	4	2	46	1	0	1	1	2	0	1	0
2	36	2	4	7432	1	2	2	0	2	2	1	54	1	2	1	1	1	0	1	1
3	6	3	1	1338	3	2	1	1	2	4	3	62	1	1	1	1	1	0	1	1
3	6	1	6	1554	1	3	1	0	2	2	0	24	1	2	2	1	1	1	1	1
1	36	3	5	15857	1	4	2	1	0	3	0	43	1	1	1	0	1	0	1	1
1	18	3	6	1345	1	2	4	2	2	3	3	26	0	1	1	1	1	0	1	0
3	12	3	4	1101	1	2	3	2	2	2	3	27	1	1	2	1	1	1	1	1
0	12	3	6	3016	1	2	3	2	2	1	0	24	1	1	1	1	1	0	1	1
1	36	3	3	2712	1	0	2	3	2	2	1	41	0	1	1	1	2	0	1	0
1	8	1	4	731	1	0	4	3	2	4	3	47	1	1	2	3	1	0	1	1
3	18	1	3	3780	1	1	3	1	2	2	0	35	1	1	2	0	1	1	1	1
1	21	1	4	1602	1	0	4	2	2	3	0	30	1	1	2	1	1	1	1	1
1	18	1	4	3966	1	0	1	0	2	4	3	33	0	2	3	1	1	1	1	0
3	18	4	0	4165	1	2	2	3	2	2	0	36	2	1	2	1	2	0	1	0
1	36	3	9	8335	4	0	3	3	2	4	2	47	1	0	1	1	1	0	1	0
2	48	2	0	6681	4	2	4	3	2	4	2	38	1	0	1	1	2	1	1	1
3	24	2	0	2375	3	2	4	3	2	2	0	44	1	1	2	1	2	1	1	1
1	18	3	4	1216	1	1	4	0	2	3	0	23	1	2	1	1	1	1	1	0
1	45	4	0	11816	1	0	2	3	2	4	0	29	1	2	2	1	1	0	1	0
2	24	3	6	5084	4	0	2	0	2	4	0	42	1	1	1	1	1	1	1	1
0	15	3	6	2327	1	1	2	0	2	3	3	25	1	1	1	3	1	0	1	0
1	12	4	4	1082	1	2	4	3	2	4	0	48	0	1	2	1	1	0	1	0
3	12	3	6	886	4	2	4	0	2	2	0	21	1	1	1	1	1	0	1	1
3	4	3	3	601	1	1	1	0	2	3	3	23	1	2	1	3	2	0	1	1
1	24	1	9	2957	1	0	4	3	2	4	1	63	1	1	2	1	1	1	1	1
3	24	1	6	2611	1	0	4	2	0	3	3	46	1	1	2	1	1	0	1	1
1	36	3	3	5179	1	3	4	3	2	2	1	29	1	1	1	1	1	0	1	0
3	21	2	9	2993	1	2	3	3	2	2	3	28	2	1	2	3	1	0	1	1
3	18	3	7	1943	1	1	4	0	2	4	3	23	1	1	1	1	1	0	1	0
3	24	0	0	1559	1	3	4	3	2	4	0	50	0	1	1	1	1	1	1	1
3	18	3	3	3422	1	0	4	3	2	4	1	47	0	1	3	1	2	1	1	1
2	21	3	3	3976	4	3	2	3	2	3	0	35	1	1	1	1	1	1	1	1
3	18	3	4	6761	4	2	2	3	2	4	0	68	1	2	2	1	1	0	1	0
3	24	3	4	1249	1	1	4	2	2	2	3	28	1	1	1	1	1	0	1	1
1	9	3	6	1364	1	3	3	3	2	4	3	59	1	1	1	1	1	0	1	1
1	12	3	6	709	1	0	4	3	2	4	3	57	2	1	1	3	1	0	1	0
1	20	1	4	2235	1	2	4	2	1	2	1	33	0	2	2	1	1	0	0	0
3	24	1	9	4042	4	3	3	3	2	4	1	43	1	1	2	1	1	1	1	1
3	15	1	6	1471	1	2	4	3	2	4	2	35	1	0	2	1	1	1	1	1
1	18	0	4	1442	1	3	4	3	2	4	2	32	1	0	2	3	2	0	1	0
3	36	2	4	10875	1	0	2	3	2	2	0	45	1	1	2	1	2	1	1	1
3	24	3	4	1474	2	1	4	2	2	3	3	33	1	1	1	1	1	1	1	1
3	10	3	8	894	4	3	4	0	2	3	1	40	1	1	1	1	1	1	1	1
3	15	1	3	3343	1	2	4	3	2	2	2	28	1	0	1	1	1	1	1	1
1	15	3	4	3959	1	2	3	0	2	2	1	29	1	1	1	1	1	1	1	0
3	9	3	4	3577	2	2	1	3	1	2	3	26	1	2	1	1	2	0	0	1
3	24	1	9	5804	0	2	4	3	2	2	3	27	1	1	2	1	1	0	1	1
3	18	2	0	2169	1	2	4	2	2	2	0	28	1	1	1	1	1	1	1	0
1	24	3	6	2439	1	1	4	0	2	4	3	35	1	1	1	1	1	1	1	0
3	27	1	3	4526	0	1	4	3	2	2	3	32	2	1	2	3	2	1	1	1
3	10	3	3	2210	1	2	2	3	2	2	3	25	0	2	1	3	1	0	1	0
3	15	3	3	2221	3	2	2	0	2	4	0	20	1	2	1	1	1	0	1	1
1	18	3	6	2389	1	1	4	0	2	1	0	27	2	1	1	1	1	0	1	1
3	12	1	3	3331	1	0	2	3	2	4	1	42	2	1	1	1	1	0	1	1
3	36	3	0	7409	4	0	3	3	2	2	1	37	1	1	2	1	1	0	1	1
1	12	3	3	652	1	0	4	0	2	4	1	24	1	2	1	1	1	0	1	1
3	36	2	3	7678	3	3	2	0	2	4	0	40	1	1	2	1	1	1	1	1
0	6	1	4	1343	1	0	1	3	2	4	3	46	1	1	2	1	2	0	0	1
1	24	1	0	1382	2	3	4	3	2	1	3	26	1	1	2	1	1	1	1	1
3	15	3	1	874	4	1	4	0	2	1	3	24	1	1	1	1	1	0	1	1
1	12	3	3	3590	1	2	2	3	0	2	1	29	1	1	1	3	2	0	1	1
2	11	1	4	1322	0	2	4	0	2	4	0	40	1	1	2	1	1	0	1	1
1	18	0	6	1940	1	1	3	3	0	4	2	36	0	0	1	0	1	1	1	1
3	36	3	6	3595	1	0	4	3	2	2	0	28	1	1	1	1	1	0	1	1
1	9	3	4	1422	1	1	3	3	2	2	2	27	1	0	1	0	1	1	1	0
3	30	1	6	6742	4	3	2	3	2	3	1	36	1	1	2	1	1	0	1	1
3	24	3	9	7814	1	3	3	3	2	3	0	38	1	1	1	0	1	1	1	1
3	24	3	9	9277	4	2	2	1	2	4	2	48	1	0	1	1	1	1	1	1
2	30	1	4	2181	4	0	4	3	2	4	3	36	1	1	2	1	1	0	1	1
3	18	1	6	1098	1	4	4	0	2	4	0	65	1	1	2	2	1	0	1	1
2	24	3	3	4057	1	3	3	1	2	3	0	43	1	1	1	1	1	1	1	0
1	12	3	2	795	1	1	4	0	2	4	1	53	1	1	1	1	1	0	1	0
2	24	1	0	2825	4	3	4	3	2	3	2	34	1	1	2	1	2	1	1	1
2	48	3	0	15672	1	2	2	3	2	2	0	23	1	1	1	1	1	1	1	0
3	36	1	4	6614	1	0	4	3	2	4	0	34	1	1	2	0	1	1	1	1
3	28	0	9	7824	4	1	3	3	1	4	3	40	0	2	2	1	2	1	1	1
1	27	1	0	2442	1	0	4	3	2	4	0	43	2	1	4	0	2	1	1	1
3	15	1	6	1829	1	0	4	3	2	4	0	46	1	1	2	1	1	1	1	1
1	12	1	4	2171	1	2	4	3	2	4	1	38	0	1	2	3	1	0	0	1
2	36	1	9	5800	1	2	3	3	2	4	0	34	1	1	2	1	1	1	1	1
3	18	1	6	1169	4	2	4	3	2	3	1	29	1	1	2	1	1	1	1	1
3	36	2	9	8947	4	3	3	3	2	2	0	31	2	1	1	0	2	1	1	1
1	21	3	6	2606	1	1	4	0	2	4	1	28	1	2	1	0	1	1	1	1
3	12	1	3	1592	0	3	3	0	2	2	1	35	1	1	1	1	1	0	0	1
3	15	3	3	2186	4	3	1	0	2	4	3	33	0	2	1	3	1	0	1	1
1	18	3	3	4153	1	2	2	3	0	3	0	42	1	1	1	1	1	0	1	0
1	16	1	4	2625	1	0	2	3	1	4	1	43	0	2	1	1	1	1	1	0
3	20	1	4	3485	4	1	2	1	2	4	3	44	1	1	2	1	1	1	1	1
3	36	1	9	10477	4	0	2	3	2	4	2	42	1	0	2	1	1	0	1	1
3	15	3	6	1386	4	2	4	2	2	2	3	40	1	2	1	1	1	1	1	1
3	24	3	6	1278	1	0	4	3	2	1	3	36	1	1	1	0	1	1	1	1
1	12	3	6	1107	1	2	2	3	2	2	3	20	1	2	1	0	2	1	1	1
1	21	3	4	3763	4	3	2	3	0	2	3	24	1	1	1	3	1	0	0	1
2	36	3	2	3711	4	2	2	2	2	2	0	27	1	1	1	1	1	0	1	1
3	15	2	9	3594	1	1	1	0	2	2	1	46	1	1	2	3	1	0	1	1
2	9	3	4	3195	4	2	1	0	2	2	3	33	1	1	1	3	1	0	1	1
3	36	2	6	4454	1	2	4	0	2	4	3	34	1	1	2	1	1	0	1	1
2	24	1	3	4736	1	1	2	0	2	4	0	25	0	1	1	3	1	0	1	0
2	30	3	6	2991	4	0	2	0	2	4	0	25	1	1	1	1	1	0	1	1
3	11	3	0	2142	0	0	1	1	2	2	3	28	1	1	1	1	1	1	1	1
1	24	0	0	3161	1	2	4	3	2	2	1	31	1	2	1	1	1	1	1	0
2	48	4	5	18424	1	2	1	0	2	2	1	32	0	1	1	0	1	1	0	0
3	10	3	9	2848	2	2	1	3	0	2	3	32	1	1	1	1	2	0	1	1
1	6	3	4	14896	1	0	1	3	2	4	2	68	0	1	1	0	1	1	1	0
1	24	3	3	2359	2	4	1	1	2	1	1	33	1	1	1	1	1	0	1	0
1	24	3	3	3345	1	0	4	3	2	2	1	39	1	2	1	0	1	1	1	0
3	18	1	3	1817	1	2	4	0	2	2	2	28	1	1	2	1	1	0	1	1
3	48	2	6	12749	3	3	4	3	2	1	0	37	1	1	1	0	1	1	1	1
1	9	3	6	1366	1	1	3	0	2	4	1	22	1	2	1	1	1	0	1	0
2	12	3	4	2002	1	3	3	3	2	4	1	30	1	2	1	1	2	1	1	1
1	24	0	3	6872	1	1	2	1	2	1	1	55	0	1	1	1	1	1	1	0
1	12	0	4	697	1	1	4	3	2	2	0	46	0	1	2	1	1	1	1	0
1	18	1	3	1049	1	1	4	0	2	4	1	21	1	2	1	1	1	0	1	1
1	48	3	9	10297	1	3	4	3	2	4	2	39	2	0	3	1	2	1	1	0
3	30	3	6	1867	4	0	4	3	2	4	0	58	1	1	1	1	1	1	1	1
1	12	2	4	1344	1	2	4	3	2	2	3	43	1	1	2	3	2	0	1	1
1	24	3	3	1747	1	1	4	3	0	1	1	24	1	1	1	3	1	0	0	1
2	9	3	6	1670	1	1	4	0	2	2	0	22	1	1	1	1	1	1	1	0
3	9	1	4	1224	1	2	3	3	2	1	3	30	1	1	2	1	1	0	1	1
3	12	1	6	522	3	0	4	3	2	4	1	42	1	1	2	1	2	1	1	1
1	12	3	6	1498	1	2	4	0	2	1	0	23	0	1	1	1	1	0	1	1
2	30	2	6	1919	2	1	4	3	2	3	2	30	2	1	2	0	1	0	1	0
0	9	3	6	745	1	2	3	0	2	2	3	28	1	1	1	3	1	0	1	0
2	6	3	6	2063	1	1	4	2	2	3	0	30	1	2	1	0	1	1	1	1
2	60	3	2	6288	1	2	4	3	2	4	2	42	1	0	1	1	1	0	1	0
3	24	1	9	6842	4	2	2	3	2	4	1	46	1	1	2	0	2	1	1	1
3	12	3	4	3527	4	1	2	3	2	3	1	45	1	1	1	0	2	1	1	1
3	10	3	4	1546	1	2	3	3	2	2	3	31	1	1	1	3	2	0	0	1
3	24	3	3	929	4	3	4	3	2	2	0	31	2	1	1	1	1	1	1	1
3	4	1	4	1455	1	3	2	3	2	1	3	42	1	1	3	3	2	0	1	1
1	15	3	3	1845	1	1	4	0	1	1	1	46	1	2	1	1	1	0	1	1
2	48	4	4	8358	3	1	1	0	2	1	0	30	1	1	2	1	1	0	1	1
1	24	0	3	3349	3	1	4	3	2	4	2	30	1	0	1	1	2	1	1	0
3	12	3	4	2859	4	4	4	3	2	4	2	38	1	1	1	0	1	1	1	1
3	18	3	3	1533	1	1	4	2	0	1	1	43	1	1	1	3	2	0	1	0
3	24	3	6	3621	2	0	2	3	2	4	0	31	1	1	2	1	1	0	1	0
2	18	1	0	3590	1	4	3	2	2	3	0	40	1	1	3	2	2	1	1	1
1	36	2	0	2145	1	3	2	3	2	1	0	24	1	1	2	1	1	1	1	0
2	24	3	9	4113	3	1	3	0	2	4	0	28	1	2	1	1	1	0	1	0
3	36	3	3	10974	1	4	4	0	2	2	0	26	1	1	2	0	1	1	1	0
1	12	3	4	1893	1	2	4	0	1	4	1	29	1	1	1	1	1	1	1	1
1	24	1	6	1231	0	0	4	0	2	4	1	57	1	2	2	0	1	1	1	1
0	30	1	6	3656	4	0	4	3	2	4	1	49	2	1	2	3	1	0	1	1
2	9	1	6	1154	1	0	2	3	2	4	3	37	1	1	3	3	1	0	1	1
1	28	3	4	4006	1	2	3	3	2	2	0	45	1	1	1	3	1	0	1	0
2	24	3	3	3069	2	0	4	3	2	4	2	30	1	0	1	1	1	0	1	1
3	6	1	6	1740	1	0	2	2	2	2	3	30	1	2	2	1	1	0	1	1
2	21	2	4	2353	1	2	1	1	2	4	1	47	1	1	2	1	1	0	1	1
3	15	3	4	3556	4	2	3	3	2	2	2	29	1	1	1	1	1	0	1	1
3	24	3	6	2397	3	0	3	3	2	2	0	35	0	1	2	1	1	1	1	0
2	6	3	7	454	1	1	3	2	2	1	1	22	1	1	1	3	1	0	1	1
2	30	3	6	1715	4	2	4	0	2	1	0	26	1	1	1	1	1	0	1	1
2	27	1	6	2520	3	2	4	3	2	2	1	23	1	1	2	3	1	0	1	0
3	15	3	6	3568	1	0	4	0	2	2	0	54	0	2	1	0	1	1	1	1
3	42	3	6	7166	4	3	2	2	2	4	1	29	1	2	1	1	1	1	1	1
1	11	1	4	3939	1	2	1	3	2	2	3	40	1	1	2	3	2	0	1	1
2	15	3	7	1514	2	2	4	3	1	2	3	22	1	1	1	1	1	0	1	1
3	24	3	4	7393	1	2	1	3	2	4	1	43	1	1	1	3	2	0	1	1
1	24	0	4	1193	1	4	1	0	0	4	2	29	1	2	2	2	1	0	1	0
1	60	3	0	7297	1	0	4	3	0	4	2	36	1	2	1	1	1	0	1	0
3	30	1	6	2831	1	2	4	0	2	2	0	33	1	1	1	1	1	1	1	1
0	24	3	6	1258	3	2	3	0	2	3	0	57	1	1	1	3	1	0	1	1
2	6	3	6	753	1	2	2	0	1	3	3	64	1	1	1	1	1	0	1	1
2	18	2	0	2427	4	0	4	3	2	2	1	42	1	1	2	1	1	0	1	1
3	24	2	4	2538	1	0	4	3	2	4	0	47	1	1	2	3	2	0	1	0
2	15	0	4	1264	2	2	2	2	2	2	1	25	1	2	1	1	1	0	1	0
2	30	1	3	8386	1	3	2	3	2	2	1	49	1	1	1	1	1	0	1	0
3	48	3	0	4844	1	4	3	3	2	2	0	33	0	2	1	0	1	1	1	0
0	21	3	4	2923	2	2	1	0	2	1	0	28	0	1	1	0	1	1	1	1
1	36	3	9	8229	1	2	2	3	2	2	1	26	1	1	1	1	2	0	1	0
3	24	1	3	2028	1	3	2	3	2	2	1	30	1	1	2	3	1	0	1	1
1	15	1	3	1433	1	2	4	0	2	3	1	25	1	2	2	1	1	0	1	1
0	42	4	0	6289	1	1	2	1	2	1	1	33	1	1	2	1	1	0	1	1
3	13	3	6	1409	2	4	2	0	2	4	3	64	1	1	1	1	1	0	1	1
1	24	3	9	6579	1	4	4	3	2	2	2	29	1	0	1	0	1	1	1	1
2	24	1	6	1743	1	0	4	3	2	2	1	48	1	1	2	3	1	0	1	1
3	12	1	2	3565	4	1	2	3	2	1	1	37	1	1	2	3	2	0	1	1
3	15	0	6	1569	2	0	4	3	2	4	0	34	0	1	1	3	2	0	1	1
1	18	3	6	1936	4	3	2	2	2	4	0	23	1	2	2	3	1	0	1	1
1	36	3	3	3959	1	4	4	3	2	3	1	30	1	1	1	0	1	1	1	1
3	12	3	4	2390	4	0	4	3	2	3	0	50	1	1	1	1	1	1	1	1
3	12	3	3	1736	1	3	3	0	2	4	3	31	1	1	1	3	1	0	1	1
1	30	3	9	3857	1	2	4	1	2	4	1	40	1	1	1	0	1	1	1	1
3	12	3	6	804	1	0	4	3	2	4	0	38	1	1	1	1	1	0	1	1
1	45	3	6	1845	1	2	4	3	2	4	2	23	1	0	1	1	1	1	1	0
2	45	1	9	4576	2	4	3	3	2	4	0	27	1	1	1	1	1	0	1	1
																				
																				
